100 100
16 35 19 31 73 74 64 90 57 13 21 63 62 24 75 17 22 41 69 11 99 68 82 14 96 95 50 15 18 26 87 100
35 30 19 44 31 74 29 4 54 86 21 38 62 78 12 24 75 22 41 69 99 82 85 14 96 71 40 34 93 50 2 10
35 81 72 12 24 75 22 45 69 82 85 96 95 71 40 50 15 54 63 62 100
5 35 30 6 64 13 63 86 54 62 58 52 12 92 41 43 11 85 39 77 95 7 34 93 59 10 18 42 100 20 19 9 74 61 29 94 70 21 38 24 17 37 14 80 96 40 15 65 97
78 79 12 30 17 37 19 32 11 45 31 9 85 74 96 94 59 13 54 27 38 10 100
52 12 30 28 75 49 92 47 99 31 73 82 89 80 84 61 64 94 71 59 4 50 54 86 27 38 10 88 15 100
5 35 58 30 75 8 22 43 11 45 31 73 82 96 64 61 66 57 34 50 15 86 2 13 38 70 4 27 87 100
79 60 30 32 31 9 74 57 13 63 21 38 88 62 24 75 17 37 41 43 82 14 80 96 66 76 40 93 15 65 2 27 10 26 18 87 42 100
16 35 55 60 30 19 49 73 74 64 61 94 90 13 4 54 21 63 38 88 62 72 24 28 8 75 17 92 41 11 99 82 14 80 77 33 95 7 40 34 50 10 18 26 42 87 100
35 81 16 20 55 30 19 32 49 45 44 9 73 31 74 64 61 29 90 57 13 54 21 63 38 62 52 17 92 41 69 36 99 98 82 89 14 85 80 96 39 40 34 50 15 10 18 27 97 42 87
16 81 35 30 32 49 45 31 74 64 61 90 4 63 38 88 52 12 24 22 47 99 85 82 80 77 7 66 40 34 50 15 10 97 26 87
55 81 60 19 49 45 31 73 74 64 90 57 70 13 4 54 63 62 58 52 75 1 22 47 41 69 68 99 85 14 77 33 71 66 34 50 15 2 10 18 26 42
20 24 75 17 37 11 45 36 9 14 74 96 66 57 34 50 13 18 62
16 35 60 30 19 32 45 9 74 90 57 13 54 63 21 88 38 91 62 78 72 12 24 28 75 17 37 47 41 43 69 68 99 98 82 89 85 33 95 40 93 50 34 59 2 18 26 87 100
55 20 16 35 30 9 73 31 29 57 70 13 86 21 38 52 12 92 41 69 99 82 14 80 77 95 66 40 93 34 15 50 2 10 18 27 26 100
55 81 20 35 16 30 19 45 9 61 46 21 63 38 52 72 75 17 22 92 69 36 99 85 82 96 50 15 65 97 87
5 16 35 30 49 6 44 31 73 9 74 64 90 46 57 13 86 88 91 78 72 12 23 41 43 69 36 68 98 82 85 80 96 77 66 50 15 2 27 18 10 26 42 87 100
16 60 24 30 37 22 49 47 99 31 73 14 96 46 40 59 50 34 63 13 10 88 26 21 15 62 100
64 95 58 75 40 19 53 13 21 63 36 88 26 73 85 82 10
16 35 81 32 45 73 94 29 90 46 13 86 21 38 88 72 24 28 75 17 1 47 41 99 85 14 80 96 77 95 40 48 34 15 65 2 10 18 26 87
5 55 12 75 32 41 43 44 31 74 46 66 57 34 50 15 86 10 38 27 18 87 100
30 19 32 49 45 31 74 64 29 90 57 70 4 13 21 86 54 38 88 62 24 28 17 41 69 36 82 14 80 96 77 34 59 2 97 18 27 10 42 100
5 55 58 52 37 23 32 22 41 44 73 82 74 64 29 40 34 93 15 63 86 27 38 26 13 100
5 16 35 58 12 30 24 75 92 41 36 68 9 99 82 74 14 96 77 94 34 13 15 93 70 97 10 18 100
55 12 30 75 23 32 69 68 99 31 73 82 85 14 45 74 96 64 84 46 40 34 2 27 88 18 10 91 87 42 38 100
55 35 30 49 31 9 74 64 46 90 70 13 54 21 88 38 62 52 12 24 75 37 22 41 43 69 68 99 36 85 82 96 95 66 40 34 15 10 26
5 16 32 49 31 9 74 64 29 46 13 54 63 21 88 38 91 12 24 37 22 92 41 43 69 68 47 99 36 82 14 80 95 93 34 15 65 50 27 18 87 100
5 79 55 81 35 60 30 19 32 45 31 9 64 94 29 90 46 13 21 63 54 88 38 62 52 72 12 24 75 17 53 92 41 43 69 36 99 98 47 82 85 14 80 96 84 7 71 76 40 15 65 2 27 18 26 10 87 100
35 60 30 19 73 74 64 90 70 13 86 63 21 88 38 72 24 75 17 41 43 69 36 99 82 85 14 96 77 66 34 50 2 18 26 100
35 20 12 24 75 17 19 22 92 99 14 74 96 84 61 94 29 46 71 40 93 50 63 38 26 62 100
55 30 49 9 73 31 74 61 94 46 57 63 21 86 38 88 62 52 12 24 75 17 37 47 41 43 69 99 98 85 89 14 82 39 33 40 48 34 50 59 65 2 10 27 18 87 100
12 24 75 19 32 49 41 69 85 74 80 64 29 71 90 46 57 34 15 63 54 88 38 62
35 55 16 20 81 30 19 49 94 46 13 4 21 63 86 88 38 54 62 52 12 24 28 75 17 37 22 92 43 69 68 98 85 89 14 96 77 95 7 71 34 15 2 27 10 97 18 100
5 35 55 30 32 6 45 31 9 73 74 64 46 90 70 13 54 38 62 52 12 24 75 41 43 69 36 99 82 14 80 84 51 95 71 40 34 65 15 10 27 18 26 42 100
16 81 55 35 60 30 19 32 49 9 73 31 74 64 94 29 90 46 57 13 54 86 21 38 63 62 52 12 24 75 41 69 11 36 68 85 89 14 77 66 50 65 2 27 18 10 97 87 100
20 30 19 32 9 73 31 64 29 57 4 86 21 54 38 63 62 52 12 28 75 37 43 69 99 98 82 14 96 66 40 93 50 34 27 18 26 10 42
5 35 16 20 19 49 9 31 74 64 29 46 90 13 63 21 54 88 12 24 17 37 23 92 41 43 69 36 82 89 96 84 95 7 66 40 93 50 27 18 26 87 100
56 20 24 19 32 43 45 69 99 73 85 74 61 33 40 93 21 2 10 38 26 18 88 62 100
35 81 60 30 32 45 64 61 94 90 70 63 38 88 62 78 52 12 24 28 75 47 41 92 99 98 82 14 3 39 77 95 40 15 10 97 27 18
35 20 55 30 19 31 73 74 64 90 57 70 13 63 54 86 88 21 38 78 72 17 47 43 99 82 85 14 39 95 40 65 15 2 18 87 42 100
5 16 81 30 19 49 9 31 61 46 90 13 21 63 86 38 62 52 24 69 68 99 98 85 80 96 77 7 66 76 40 34 50 15 27 18 26 10 87 42 100
55 52 17 37 47 49 68 99 9 73 82 31 7 40 50 15 86 13 63 38 26 4 27 62
16 81 55 35 30 49 64 61 94 29 46 90 63 54 21 62 72 75 17 37 23 22 92 43 99 98 82 89 14 80 96 93 34 50 10 18 26 100
55 20 16 35 49 9 31 61 46 86 21 38 88 52 12 24 28 75 17 53 22 43 69 99 98 82 14 80 3 96 39 77 95 66 40 34 50 65 15 2 27 18 26 10 87 42 100
5 55 35 60 30 19 32 49 31 73 74 64 57 70 21 54 86 38 63 78 72 12 24 75 22 92 99 85 14 80 96 7 95 40 93 50 27 97 87 100
5 16 81 60 30 31 73 74 64 46 54 21 38 62 37 22 41 43 36 99 82 14 80 39 84 33 40 93 34 15 50 10 87
55 81 60 30 19 31 73 74 61 29 94 46 57 13 21 88 62 52 12 24 17 37 23 22 47 41 82 89 14 84 33 71 34 59 50 2 10 18 26 27 100
64 33 95 52 60 71 72 4 15 86 65 21 36 43 73 38 42 14 62 97
5 55 20 60 12 49 11 68 99 36 85 74 84 71 93 13 15 63 2 38 100
56 35 81 20 32 9 31 74 94 70 4 63 86 54 88 38 62 24 8 75 1 41 99 98 85 80 7 34 50 15 2 27 10 100
64 35 24 75 34 13 15 92 69 54 99 31 73 50 87 74 14 41 100 96
5 16 55 81 49 45 44 31 9 74 61 29 90 54 21 86 38 63 62 52 12 24 75 17 37 22 41 43 69 99 82 89 14 85 80 7 34 50 65 15 2 10 87 42
16 55 35 60 32 49 73 74 64 61 29 57 13 54 86 21 88 38 63 52 12 24 75 17 37 23 47 92 41 11 69 36 85 89 14 82 96 95 71 40 34 50 65 2 97 10 27
35 30 32 73 64 13 63 54 62 52 12 92 43 69 98 85 77 95 66 34 50 93 2 27 18 26 10 87 42 100 20 81 49 44 9 31 74 57 21 38 88 24 17 37 1 53 99 14 80 40 97
5 35 60 19 32 49 31 61 29 46 13 4 63 54 21 86 78 52 24 75 17 1 22 47 41 43 69 36 99 82 89 14 77 95 66 40 34 15 10 18 27 26 97 87 100
5 60 30 64 13 54 86 62 52 12 28 75 41 43 69 82 85 77 7 95 59 34 18 26 42 100 16 81 20 19 49 9 74 94 29 46 57 21 88 38 24 17 37 1 53 47 99 80 96 40 15 65
5 35 16 55 30 19 32 44 9 31 74 64 46 13 21 63 54 88 38 52 72 75 17 37 53 22 43 69 99 98 82 89 85 80 96 77 95 40 34 50 65 97 18 10 27 26 42 87 100
35 19 49 31 73 9 74 46 90 21 38 78 58 52 12 24 75 17 22 47 41 43 69 99 98 85 89 82 80 96 51 77 40 15 97 87
5 55 30 49 31 73 64 29 70 63 54 38 88 52 24 28 75 23 69 99 98 82 14 96 39 95 66 34 50 15 93 2 18 26 87
5 16 55 35 20 49 45 9 31 90 13 4 63 21 38 62 72 24 28 17 47 41 92 69 99 82 96 39 77 71 66 50 15 27 10 87 42 100
55 20 60 30 32 49 31 73 94 46 13 21 86 54 38 63 62 72 24 28 1 22 92 41 43 69 68 99 47 85 14 95 66 34 2 10
5 35 20 32 49 31 46 13 86 21 54 88 62 52 24 17 43 99 98 82 85 14 80 96 77 40 34 15 10 26 42 87 100
5 56 55 35 73 64 90 13 4 54 63 58 52 12 75 41 43 68 98 85 82 84 77 76 34 50 93 2 27 18 26 100 16 81 20 19 31 9 74 61 94 57 70 21 38 88 78 17 37 1 22 96 33 40 15 65
20 12 30 75 17 37 32 49 41 45 9 31 96 34 13 15 63 21 27 88 50 4 62
5 81 52 12 24 75 19 41 44 99 31 68 82 80 64 61 94 71 57 40 34 86 63 27 18 38 26 87 62
35 12 30 75 37 69 31 9 85 82 64 61 94 33 66 34 13 63 54 88 18 91 87 62
5 55 35 16 60 30 32 49 44 31 9 74 64 61 46 13 21 54 86 38 52 12 24 28 8 75 92 41 43 99 98 85 82 14 80 96 66 40 34 50 93 59 2 10 18 15 42 100
5 55 20 60 30 19 49 31 73 74 64 29 46 57 13 4 21 38 62 52 24 75 17 37 41 43 99 82 96 59 50 15 65 2 10 97 42
5 16 35 60 30 32 74 64 29 90 57 13 63 54 21 88 38 52 12 24 23 22 47 41 69 82 14 96 25 66 59 50 15 2 10 18 87 100
5 16 55 12 17 23 19 32 36 99 9 82 74 14 64 7 40 34 50 13 10 38 26
35 55 20 16 30 32 49 31 73 74 64 94 57 4 13 63 86 88 72 24 8 17 37 75 41 69 36 99 82 14 96 33 66 40 34 93 59 27 97 26 18 42 87 100
5 79 16 81 32 9 31 74 64 90 46 57 13 21 63 88 38 91 78 52 24 17 37 43 69 99 85 82 14 89 3 80 40 34 50 15 2 10 42
5 55 32 49 9 73 61 90 13 38 62 78 52 72 12 24 28 75 23 22 92 41 69 68 99 98 14 96 84 39 71 93 34 15 65 2 10 87 100
16 55 60 30 19 49 9 73 74 46 57 70 63 52 12 75 17 37 92 69 11 99 85 14 80 77 33 95 66 40 93 50 15 65 2 10 18 26 100
16 52 30 24 17 22 41 45 36 69 31 74 96 46 40 34 13 54 2 38 18 42 100
55 52 12 75 22 49 43 69 36 44 31 73 99 82 14 29 95 7 46 90 57 48 4 50 63 15 54 88 26 38 62 87 100
5 16 24 75 17 53 22 92 41 69 99 9 31 82 14 96 64 61 94 40 50 21 86 10 18 97 63 42 62
55 24 75 19 22 92 41 49 14 74 80 96 77 95 94 34 13 54 2 21 10 86 38 63 100
5 16 37 40 13 41 63 69 45 21 26 31 97 87 14 96
5 16 81 35 55 60 19 9 73 31 74 57 4 13 54 63 21 62 78 12 24 75 17 37 47 92 69 36 68 98 85 14 84 77 33 40 34 50 93 59 27 18 10 42 100
5 35 55 30 32 64 90 13 86 63 52 28 75 41 85 82 84 7 93 2 10 18 26 27 42 87 16 49 9 74 29 46 57 21 38 88 37 99 14 80 96 40 48 15 97
35 16 30 19 32 6 73 74 64 61 94 90 57 63 21 54 88 86 91 52 12 17 37 1 22 92 41 69 99 98 85 82 14 39 77 7 40 34 50 15 65 97 26 42 87
79 35 16 30 49 45 9 73 74 61 94 29 86 63 38 72 12 24 75 37 22 92 43 36 99 82 89 14 80 96 77 33 34 15 27 18 26 97 42 87 100
35 81 16 30 19 31 73 74 64 94 29 46 13 4 54 63 38 88 62 72 24 75 17 37 41 43 69 11 99 82 14 77 95 66 34 50 65 27 10 100
5 79 55 35 16 49 9 73 31 64 61 94 46 4 21 63 38 62 52 72 12 24 28 17 37 23 53 41 99 85 89 14 80 96 77 71 59 34 15 93 2 10 27 26 18 87 42
5 56 55 16 35 30 32 31 73 64 61 90 57 13 86 21 38 88 62 52 24 17 37 1 22 92 69 99 98 85 89 80 96 39 77 66 40 34 50 15 2 10 26 100
55 81 35 16 19 49 6 45 31 9 74 64 61 29 13 4 54 63 86 88 21 24 75 17 22 41 69 99 98 85 82 96 33 71 66 40 93 65 15 10 18 97 87 42 100
5 79 55 81 35 16 30 19 9 73 74 64 61 90 63 21 54 38 78 75 17 37 92 41 69 82 14 7 50 15 10 18 87
35 20 55 19 49 31 9 73 61 29 94 46 13 21 54 88 38 58 12 24 75 41 69 68 99 36 82 14 96 7 71 34 50 15 93 2 97 18 26 10 42 100
35 16 55 19 49 9 31 74 64 94 57 13 21 63 38 88 62 12 24 75 17 37 22 47 69 99 82 14 96 7 66 34 50 15 27 18 26 42 87 100
16 55 32 45 73 74 64 61 90 70 63 54 86 38 21 62 52 12 24 75 17 41 69 68 11 82 14 96 84 77 33 95 71 66 93 50 15 34 2 27 97 87 100
5 55 16 19 44 9 74 94 90 46 57 70 4 63 21 54 38 62 78 12 24 17 37 22 92 47 41 43 36 99 68 80 77 40 93 50 15 59 2 97 18 26 27 87
5 55 16 20 19 29 13 54 86 63 88 52 72 17 37 22 47 41 99 82 14 96 84 7 71 66 34 59 65 50 10 27 18 100
35 16 52 12 1 22 6 99 9 85 74 14 80 90 40 15 86 2 27 88 38 10 62
56 72 30 17 37 53 19 83 41 44 99 31 9 74 90 40 34 50 15 54 10 38 18 62
16 35 30 19 31 73 74 64 29 94 57 13 63 86 88 38 62 52 24 22 47 41 43 69 99 85 82 14 96 77 95 40 93 34 59 50 27 18 26 42 87
16 35 55 30 49 73 61 46 57 13 86 54 38 88 52 24 17 37 92 41 43 69 99 82 96 95 33 40 34 59 15 50 2 10 18 27 87 100
16 35 55 30 19 49 6 45 31 73 74 64 94 90 13 21 54 86 63 62 78 52 12 22 47 41 43 36 99 68 82 85 14 7 95 71 40 34 50 65 15 10 27 26 87 100
55 35 30 19 32 31 73 9 61 46 13 86 63 21 88 54 62 78 12 24 92 41 43 36 99 82 14 80 96 95 7 71 66 76 34 50 15 18 87
35 81 20 45 31 9 73 64 90 57 13 86 21 38 52 72 12 24 75 17 1 23 22 47 41 11 69 36 99 82 85 96 51 7 33 66 34 50 65 2 10 26 87 42 100
