100 200
60 32 6 45 64 4 13 63 28 23 92 41 43 11 69 82 85 39 77 95 25 7 93 50 59 34 2 10 18 26 42 100 79 49 74 61 29 57 21 38 24 8 37 1 22 47 14 80 51 33 15 97
5 79 81 60 19 32 49 45 9 74 29 57 4 13 21 63 86 38 54 62 52 72 24 28 8 37 23 53 1 92 47 43 69 36 99 83 68 85 41 14 98 80 39 51 84 33 25 7 95 71 66 59 50 15 93 2 26
56 79 32 44 74 61 29 94 13 21 63 38 91 52 72 12 24 28 8 17 1 23 22 92 69 68 99 98 85 14 80 96 51 84 77 95 7 25 39 33 71 66 48 59 93 50 2 18 26 87 42 100
5 79 16 35 32 6 67 44 9 74 64 61 29 13 86 54 38 52 72 24 28 8 23 83 41 43 69 68 36 98 11 14 80 51 95 25 33 7 71 66 59 50 97 26 87 100
5 79 56 60 19 32 49 6 9 74 64 94 13 63 21 54 72 24 28 8 17 37 23 53 22 92 41 43 11 68 99 69 85 80 77 95 33 7 25 66 48 93 50 34 2 42
5 56 35 16 60 49 6 45 44 31 9 74 61 94 29 90 70 13 86 21 63 91 62 78 52 72 24 28 8 17 37 1 53 22 23 43 11 36 99 85 89 80 39 33 7 25 71 66 93 50 15 2 42
5 79 56 81 60 19 49 6 45 44 9 74 64 61 13 4 63 54 38 91 52 72 24 28 8 23 53 83 92 1 22 11 69 99 98 36 82 85 80 51 7 25 71 66 76 93 59 34 50 18
5 56 72 24 28 8 17 37 1 23 32 92 41 44 99 98 80 33 7 25 66 93 13
56 79 49 45 44 61 29 94 46 57 13 21 54 63 38 52 72 24 28 8 17 37 1 53 43 69 36 99 11 98 85 95 7 25 33 66 48 59 50 15 65 93 97 2 26 87 100
5 56 55 6 45 13 86 63 91 62 52 12 28 23 41 43 11 68 98 85 77 95 7 25 71 66 59 93 50 2 18 26 42 79 44 9 74 61 94 21 72 24 8 1 53 22 99 14 96 48 15
56 55 79 81 19 45 44 94 72 12 24 28 8 37 1 53 23 92 22 41 69 11 68 98 85 82 80 77 33 25 7 66 34 93 10 18 26
35 6 9 74 29 13 54 91 52 72 24 8 17 1 22 41 43 11 68 98 82 3 51 77 33 48 34 59 15 93 50 2 18 42 100
79 56 81 60 19 49 6 45 9 74 64 61 13 63 21 91 62 52 72 24 28 17 1 53 22 92 41 69 68 36 98 11 85 80 84 51 39 95 7 33 77 66 76 48 93 59 34 97 10 26 18 42 100
51 84 95 28 66 1 53 93 49 47 63 18 9 26 91 85 74 80 3
35 52 24 23 19 1 32 41 49 69 45 22 9 73 85 82 96 61 95 7 25 90 66 34 93 59 63 26 62
79 56 52 24 28 17 37 1 19 45 9 98 74 51 95 71 66 59 15
79 60 1 53 22 23 45 11 9 98 14 61 7 25 95 66 93 4 54 18 38 26
79 56 52 72 28 8 1 23 32 92 44 99 9 82 74 84 29 33 25 71 66 57 48 34 59 13 93 2 91
5 52 72 24 17 37 23 19 53 92 22 43 11 36 9 85 96 39 64 61 7 33 95 93 86 63 2 62
5 79 45 44 9 74 4 13 63 62 52 12 28 23 22 92 41 11 99 98 14 39 77 33 25 7 71 48 59 93 34 2 26 42
72 28 8 17 23 53 22 92 41 43 45 44 11 9 99 49 14 3 51 64 95 66 48 93 15 54 63 21 26 91 100
79 55 81 32 49 9 61 4 13 86 63 62 52 24 28 8 17 37 1 83 92 41 11 99 82 80 39 95 33 48 59 93 34 2 10 18 26 97
79 35 60 19 49 6 45 44 9 61 94 57 13 86 38 52 72 24 37 23 53 83 22 41 1 11 68 99 69 14 3 39 84 77 7 95 33 71 66 48 93 50 59 2 18
56 16 19 32 49 31 73 74 94 63 86 38 91 58 52 72 12 28 17 1 53 83 23 41 69 36 68 89 80 51 39 77 7 25 95 66 48 59 34 15 93 18 26 42
79 55 56 60 12 28 17 37 23 53 1 49 41 43 69 45 99 22 82 74 14 77 33 95 93 63 18
79 35 56 60 19 45 44 9 74 61 13 63 54 21 38 91 62 52 12 24 28 37 53 22 92 43 69 11 98 89 14 39 84 33 95 7 25 66 59 50 93 18 26 42
16 60 72 28 8 17 19 32 41 45 69 9 85 14 80 61 94 33 71 66 48 93 13
79 56 32 6 44 9 74 61 94 13 4 63 54 52 72 28 8 17 1 23 53 92 22 11 36 69 98 85 80 39 77 33 95 7 25 66 59 50 97
5 55 52 60 28 1 19 22 49 92 43 45 99 98 9 85 73 14 39 61 48 50 63 21 10
5 79 56 55 60 19 45 44 9 74 94 13 63 86 38 62 72 12 28 75 1 23 22 41 11 69 36 98 85 80 96 51 39 77 7 33 95 71 66 48 34 50 15 93 59 26 42
5 52 72 12 28 17 23 1 92 45 11 80 51 33 95 25 66 59 86 2 38 26 91 62
5 56 35 81 24 28 23 19 22 32 45 11 85 14 74 3 84 51 61 7 33 25 71 66 57 48 93 15 54 97 26
79 35 55 32 45 9 64 61 4 63 86 91 52 72 24 8 17 1 53 92 41 43 11 69 99 98 85 14 80 39 95 25 7 66 93 50 15 2 26 42
79 81 19 32 49 6 45 74 13 4 54 63 91 62 72 24 28 8 75 37 92 41 11 68 36 82 85 3 51 84 39 33 25 95 7 71 48 93 59 2 97 18
5 79 55 19 45 9 73 74 61 29 57 4 54 38 52 72 24 28 8 17 37 23 1 22 53 43 69 11 98 80 39 51 77 95 7 25 33 71 66 48 93 34 50 59 15 97
5 56 32 45 73 13 4 63 86 54 91 52 12 23 92 43 69 11 36 98 39 77 7 25 95 66 76 59 34 93 26 42 79 81 19 49 44 74 61 94 78 72 24 17 37 1 53 99 3 80 51 33 48 15 97
5 56 17 19 53 45 11 44 9 80 94 7 95 25 33 93 13 59 86 63 26 91
5 56 55 49 45 44 9 74 64 61 57 86 54 63 91 52 72 12 24 28 8 37 1 53 22 92 43 11 68 69 36 80 39 51 77 7 33 25 66 48 59 93 65 26 42
79 52 72 8 17 23 11 45 99 36 74 51 94 33 25 95 29 71 66 48 59 13 93 86 63 54 26
79 19 45 74 61 4 63 54 91 58 72 12 24 28 8 1 53 22 92 23 11 98 14 39 51 33 25 95 7 59 93 15 2 26 42
5 79 55 16 60 19 45 44 9 74 61 13 54 63 21 72 24 28 8 17 37 1 23 92 43 11 99 82 14 80 51 77 7 33 66 48 93 50 26 42
5 79 55 81 16 60 19 32 49 6 44 73 74 94 90 54 38 52 72 24 8 17 37 1 23 41 11 69 99 98 80 96 39 84 95 25 7 33 71 40 48 59 93 15 26
79 35 56 52 28 8 37 1 22 92 32 99 98 82 80 96 39 61 94 7 25 71 48 93 13 15 63 21 38 91 42
56 24 28 8 17 1 22 92 41 43 11 45 99 98 14 3 84 51 95 25 71 93 59 54 2 63 91
5 35 60 72 28 17 49 43 11 44 99 9 69 82 68 3 90 59 34 15 93 2 13 91
79 35 19 32 74 64 29 46 57 13 54 38 91 62 52 72 24 8 37 1 23 22 41 43 69 11 99 3 80 96 39 33 95 7 25 66 48 93 34 65 50 2 97 18 26 15 42
5 24 8 53 69 11 74 14 84 61 33 25 93 13 63 91 42 100
5 79 55 60 24 30 8 1 32 22 92 6 69 44 11 98 77 95 25 33 71 66 13 54 86 38 42
5 79 52 72 28 8 17 19 22 92 49 11 36 45 31 9 80 96 61 77 95 71 48 13 50 63 26 91 87 100
5 60 19 32 49 45 44 9 74 90 70 13 63 62 58 52 72 12 24 17 22 41 43 69 36 99 68 82 89 80 84 51 77 39 7 71 48 34 93 50 65 59 26 42
5 56 52 24 1 53 23 92 69 11 98 74 80 84 29 7 95 77 66 93 13 4 63 54 26 91 42
79 55 56 35 60 19 49 6 44 61 63 52 8 37 23 22 11 69 99 68 82 89 14 85 80 39 84 95 7 25 66 48 59 34 15 2 26
56 55 79 52 72 28 17 37 19 22 41 36 99 98 85 14 74 39 33 25 90 66 48 93 15 54 86 2 38 26 91 42
5 35 52 72 8 1 23 49 45 11 99 9 85 82 14 74 95 33 71 76 57 34 15 86
79 35 56 19 31 73 9 74 61 94 57 13 54 63 86 38 21 62 52 72 12 28 75 1 22 11 68 69 98 85 80 39 84 33 95 71 66 48 93 34 2 97 26
5 79 35 52 60 8 23 19 22 53 69 73 74 80 39 95 93 59 42 87
5 56 79 32 49 45 74 61 13 86 54 63 62 52 24 8 1 53 22 23 43 69 11 99 85 80 3 51 95 25 33 7 66 48 59 34 15 97 18 26
5 79 56 32 49 44 73 74 61 94 63 54 86 38 62 52 72 24 28 8 17 53 69 68 99 85 82 14 80 3 51 77 7 25 95 66 34 93 15 50 2 26 42 100
5 56 30 19 49 45 44 9 31 74 61 29 57 13 54 38 62 12 24 8 17 23 1 83 53 41 43 36 99 85 14 80 96 51 95 66 48 93 59 50 2 10 26 42 87
56 35 60 49 45 9 74 64 61 46 54 63 62 58 52 72 24 8 17 1 22 92 69 68 36 98 99 85 89 14 80 96 39 33 25 7 66 48 18 26 87
79 35 60 19 32 49 44 73 74 64 61 29 57 54 38 52 72 24 8 1 23 83 92 22 43 69 53 99 39 95 25 71 66 48 59 10 18 42
5 56 55 35 24 28 8 19 22 49 41 45 44 99 98 9 80 39 51 95 7 33 71 48 93 50 4 54 2 86 26 42
56 79 16 32 49 45 44 9 73 74 61 90 13 63 86 21 91 52 72 24 28 17 1 53 22 92 41 11 69 99 98 89 14 3 80 96 51 95 25 7 33 71 66 48 59 93 97 26
5 79 56 35 60 72 24 28 8 17 37 1 19 22 53 69 44 99 74 51 61 33 7 57 48 93 13 15 2 26 100
5 81 72 60 17 1 41 43 11 69 99 31 73 74 51 84 39 7 33 95 25 71 66 48 34 50 59 93 26 91 42
56 79 16 19 49 67 9 73 31 74 64 61 29 46 54 63 86 38 91 78 52 72 24 28 8 17 53 22 92 41 43 11 68 99 98 85 3 80 39 33 25 66 48 93 59 15 50 2 26 87
5 56 55 79 52 24 28 83 92 43 11 44 82 85 39 25 48 13 18 87
5 79 55 56 60 19 32 45 44 74 64 90 46 57 13 63 86 62 52 24 75 17 37 1 83 92 41 22 11 36 69 99 98 82 3 96 84 39 77 33 25 71 93 50 15 59 2 97 18 42
79 56 32 49 6 45 44 9 74 61 4 13 38 91 62 52 72 24 28 8 17 37 1 53 22 92 41 43 11 75 99 98 68 85 89 14 80 51 39 33 25 7 71 48 34 50 93 97 26 42
32 6 45 73 64 13 63 86 54 91 62 52 28 23 92 41 69 36 68 98 85 39 84 7 25 95 66 59 50 34 2 18 26 79 16 81 19 49 44 9 74 61 29 46 72 24 8 17 37 1 53 22 47 83 80 33 40 48 15 97
79 16 49 45 44 9 61 63 86 62 72 24 28 8 17 23 53 1 43 11 68 99 85 96 39 51 84 95 25 33 59 34 97 18 26 42
79 35 81 60 19 32 44 74 61 94 57 13 86 63 38 91 52 72 24 28 8 37 23 53 22 1 69 11 36 82 85 14 84 39 77 33 25 7 51 71 66 59 93 34 50 2 27 26 42 100
56 60 45 13 86 63 52 28 23 92 41 11 36 85 82 39 84 7 25 66 59 93 34 2 26 42 100 79 19 49 44 9 31 74 29 88 38 78 72 24 8 37 1 22 99 89 80 96 51 33 15
56 55 16 79 49 6 45 44 9 74 54 24 28 1 53 23 83 43 69 36 11 68 85 39 51 7 66 48 59 50 15 93 26
5 79 19 32 49 6 45 44 9 61 46 57 13 54 63 21 38 62 52 12 28 8 17 1 53 23 92 41 69 98 85 82 39 84 77 51 25 95 33 66 93 50 59 15 26
79 55 81 60 19 49 44 74 94 46 57 13 86 63 91 62 78 52 72 12 24 28 75 17 23 53 22 92 41 11 36 68 99 69 89 14 3 80 51 39 84 95 33 7 25 71 66 40 59 50 15 2 97 42 87
5 79 55 35 56 81 60 19 67 45 9 64 61 94 70 13 63 91 52 72 24 28 8 17 37 1 53 23 92 41 68 36 85 80 39 84 77 95 25 7 33 51 71 93 59 15 2 18 26
56 35 81 60 9 31 74 57 70 63 54 52 72 12 24 28 17 37 1 23 22 92 43 11 98 84 33 25 95 71 66 48 59
79 72 8 1 53 32 47 92 45 69 82 39 94 95 93 50 15 63 59 38 26 18 62
8 23 22 49 11 44 68 31 74 14 96 29 33 95 7 90 48 93 63 2 38 91
78 56 79 72 8 37 1 19 92 45 69 31 74 51 64 94 95 25 7 66 50 63 54 26 91
5 79 56 35 49 44 73 74 61 94 29 13 38 62 52 72 12 24 28 17 1 23 53 69 36 99 98 3 80 39 84 95 33 25 71 66 48 59 50 15 18 42
55 32 45 44 9 61 94 46 90 57 13 54 63 21 91 28 8 17 37 23 1 22 92 41 47 69 36 53 98 85 80 51 39 33 7 95 66 50 15 2 18 26 42
5 79 35 56 60 19 6 45 44 9 74 61 90 63 86 38 72 24 28 17 37 23 1 22 92 41 53 69 68 43 98 36 85 14 80 51 39 77 95 25 33 7 66 59 50 93 2 42 100
56 81 44 74 64 61 57 13 54 63 52 72 24 28 17 23 22 41 11 68 36 82 14 3 51 84 77 95 7 33 25 71 34 93 15 27
5 56 35 55 32 64 90 13 63 54 62 52 28 23 92 41 43 11 85 39 77 95 25 7 71 66 34 18 26 42 87 100 79 16 81 19 49 44 9 74 61 70 21 88 78 72 24 8 17 37 1 53 22 89 80 33 48 15
79 56 60 49 45 44 31 9 74 61 94 57 13 4 63 52 72 12 28 8 17 23 53 22 1 43 11 69 99 98 85 14 80 96 77 95 33 71 66 48 93 59 65 26
5 56 6 45 44 9 74 29 57 86 63 62 52 24 28 8 37 1 53 22 43 11 69 99 98 3 80 39 7 33 25 66 59 87 42
52 72 24 17 1 53 23 32 92 43 69 44 36 99 11 84 51 39 7 33 66 57 93 34 50 13 18 38 42
56 79 60 32 49 67 45 44 31 9 74 29 94 90 13 63 54 38 91 52 72 24 28 75 17 8 1 53 22 23 41 43 69 68 98 82 85 89 14 80 84 51 77 7 33 95 66 48 93 59 50 18 42 100
5 79 56 81 30 32 44 31 73 9 74 61 90 57 70 21 54 38 91 62 52 28 8 37 1 23 92 41 11 69 99 36 3 51 84 7 95 93 50 26 42
56 79 55 19 32 6 44 9 31 74 29 94 46 57 4 21 91 72 24 75 17 23 53 22 92 41 43 36 98 89 3 80 84 77 95 7 25 33 93 50 34 97 26
35 55 52 28 8 23 53 1 49 69 14 51 61 33 95 4 50 54 86 63 38
5 56 73 4 13 63 86 62 52 12 28 23 92 69 68 11 98 85 84 39 95 25 7 71 93 34 18 26 42 79 81 19 49 44 9 74 57 38 78 72 24 8 17 53 22 14 80 33 65
56 81 32 6 9 74 64 61 29 94 13 54 58 72 24 28 8 53 22 43 69 68 11 98 80 96 39 95 25 7 66 48 59 50 34 18 26
56 55 79 19 49 45 44 9 73 74 29 13 63 91 62 72 12 24 28 8 17 37 23 53 22 92 1 69 11 99 98 68 85 80 39 7 25 95 66 93 50 34 59 18 26 42
79 35 32 44 9 74 64 61 94 29 46 70 13 86 21 63 38 72 24 75 8 17 53 22 92 41 43 69 11 68 98 99 85 82 14 80 84 39 51 33 25 95 7 48 93 59 10 42
79 81 30 32 6 45 44 9 74 57 13 86 54 91 78 52 24 28 8 17 53 83 22 69 99 80 51 77 95 25 7 66 48 59 50 15 2 26 87 100
5 56 81 49 44 73 74 13 63 54 52 28 8 17 37 1 53 22 41 11 14 3 96 39 7 25 33 71 66 59 93 15 97
79 35 72 17 23 92 69 45 85 61 95 57 93 21 2 38 18 91 62 100
79 56 81 19 49 45 44 9 61 57 4 13 54 38 91 52 72 28 17 37 23 22 92 41 11 68 99 98 82 85 3 84 77 33 95 71 48 34 50 93 10 42
56 55 79 35 32 49 45 44 64 61 70 13 86 63 54 91 58 52 72 28 17 1 53 22 23 41 43 69 99 98 80 7 66 48 93 59 18 42
52 72 28 8 17 37 1 23 92 41 43 45 68 99 98 9 74 3 61 94 95 66 57 48 93 13 62
5 79 56 35 19 32 49 6 45 44 9 74 64 61 94 57 13 54 86 21 52 72 24 8 17 37 1 22 92 41 69 11 68 98 85 82 39 7 25 33 95 66 48 93 50 59 65 2 18 87
5 20 60 32 49 45 44 46 63 54 86 38 21 72 24 28 37 23 1 22 92 41 43 11 99 80 33 7 95 25 71 48 59 50 15 2 42 87
79 16 55 60 19 32 6 45 44 9 94 13 86 38 52 24 28 8 37 23 53 22 92 41 69 36 99 98 14 80 84 51 39 33 95 7 77 59 50 2 97 26 42
35 60 6 45 44 9 31 74 63 86 54 91 52 24 8 17 37 23 1 41 11 68 99 98 82 85 80 39 51 77 95 33 7 71 66 48 93 59 97
56 79 81 60 32 49 6 45 44 9 74 61 94 4 63 21 91 62 72 24 28 8 17 37 23 1 22 83 41 43 11 53 98 14 3 96 51 39 77 33 25 7 48 59 50 34 93 26
78 79 52 72 24 28 17 22 41 44 9 14 74 80 39 61 51 95 7 25 33 66 48 93 59 86 2 54 21 18 42
79 12 37 1 23 32 49 53 43 44 36 31 99 14 74 84 29 66 13 15 63
78 5 79 52 60 8 37 23 32 92 41 43 45 22 99 73 85 14 80 96 39 77 94 66 57 93 59 63 54 38 26 91 42
79 56 60 32 49 6 45 9 64 61 29 90 4 38 91 62 52 72 24 28 8 17 37 23 53 22 92 1 69 36 99 11 68 98 85 39 7 25 95 33 48 59 93 15 50 2 26 42
35 72 24 28 8 75 53 22 6 43 69 44 45 9 68 85 98 31 80 77 33 66 48 34 50 15 4 93 18 87
79 35 56 24 8 17 1 19 53 92 41 6 11 36 99 44 85 77 95 71 66 93 63 10 18 38
56 79 30 19 45 44 74 61 94 13 63 52 28 8 37 1 23 22 92 47 43 11 36 99 85 14 51 33 25 7 71 93 50 34 65 59 97 18 26 42
5 56 60 19 49 6 44 9 61 46 70 13 54 62 58 12 28 8 37 53 22 92 41 69 36 99 98 82 80 84 77 33 25 48 34 50 59 2 18
5 35 24 28 8 23 1 92 41 45 44 99 69 36 98 14 74 96 64 29 7 95 25 66 57 48 59 63 97 100
79 32 45 44 74 57 86 63 38 91 62 52 72 24 8 37 23 1 22 92 41 43 11 69 99 98 85 80 39 33 7 71 66 34 2 87 42
5 35 81 28 53 45 69 36 80 39 61 33 25 71 93 13 15 21
56 79 20 35 60 19 32 49 44 31 74 61 94 29 57 13 4 63 86 91 72 12 24 28 8 37 23 1 22 92 41 43 11 36 99 98 83 80 84 39 77 95 25 33 7 66 34 59 15 50 2
5 56 79 81 19 32 49 45 9 31 74 61 94 13 91 52 12 28 8 37 23 53 22 41 43 69 99 14 51 39 7 25 93 59 2 10 97 26
56 79 81 49 44 31 74 61 94 90 57 4 13 63 62 52 72 24 17 37 23 1 53 41 69 99 82 80 96 39 51 84 95 25 7 71 66 48 59 50 15 65 2 42
16 55 60 49 45 44 74 61 29 90 63 38 91 52 28 8 17 53 22 47 92 11 68 69 85 14 80 84 39 33 25 71 66 34 50 15 59 26
5 56 55 79 35 49 45 9 74 64 61 94 29 90 57 4 13 63 54 38 91 62 52 12 8 37 1 53 22 43 11 36 68 99 98 82 85 80 84 39 51 95 7 71 48 59 15 10 26 87
79 16 56 52 24 8 11 44 82 74 14 80 51 29 33 25 48 34 50 15 54 2 38 26 18 91
5 79 55 56 72 24 8 17 19 49 39 33 25 7 66 50 63 18 42
5 56 79 24 28 8 37 1 83 92 41 45 69 11 74 80 64 61 29 7 93 13 86
5 79 6 45 44 9 73 74 64 29 57 13 54 38 62 28 8 23 53 22 43 11 36 99 98 80 51 39 77 95 25 84 71 66 93 15 18 26 42
79 35 12 24 28 17 53 22 6 43 45 44 99 98 73 41 74 14 80 96 51 39 84 33 7 25 94 90 66 59 93 15 54 2 13 18 62
52 24 28 8 17 1 53 22 92 41 45 9 74 64 7 71 66 48 50 15 54 63 38 18 42
5 56 30 19 32 9 61 94 4 13 63 21 54 91 62 28 8 23 53 22 92 36 99 51 39 84 33 7 25 71 66 34 50 15 2 26 42
79 35 52 72 28 17 1 19 32 92 49 43 11 68 45 44 23 99 74 3 80 51 61 94 33 25 39 66 50 4 2 38 42
56 52 72 24 28 8 17 37 22 41 45 69 99 98 9 14 80 3 39 61 33 95 25 7 71 59 15 26 91 42 100
5 56 79 24 23 1 22 41 11 44 45 98 80 96 61 77 25 46 66 34 15 63 2 18 42
81 6 45 44 9 74 61 29 57 13 91 8 37 1 23 22 11 69 99 98 82 85 14 80 51 39 84 95 25 71 66 50 15 97 26 42
5 79 56 19 32 49 9 74 64 29 57 13 54 63 21 86 91 52 24 8 17 37 23 53 22 83 41 43 36 68 98 85 14 51 39 7 25 95 48 34 93 15 50 2 59 26
5 79 16 56 19 32 6 45 74 61 70 4 86 21 54 38 78 24 28 8 1 41 43 11 68 36 98 82 14 3 80 39 84 33 7 95 25 71 40 48 93 34 15 18 26 42
5 55 81 35 30 19 32 49 6 45 44 9 31 74 64 94 57 63 86 54 12 24 28 8 17 37 1 53 92 41 11 36 99 51 39 77 33 25 95 7 40 48 93 50 15 2 26 42 100
78 5 79 52 72 12 24 28 1 53 22 41 69 68 44 45 73 74 84 39 61 57 48 93 13 50 63 38
5 79 35 81 56 6 45 44 74 61 57 4 63 86 38 72 24 28 8 37 23 22 92 41 69 11 99 98 85 89 14 80 51 84 7 25 33 40 59 50 15 2 18 26
56 79 60 28 8 17 22 92 6 45 82 85 14 64 94 7 33 95 66 97 91 62 42
61 95 81 1 34 50 93 49 45 15 32 91 42 62 85
64 35 95 25 81 28 66 8 19 22 93 83 92 53 91 82 74
79 56 60 19 49 6 45 94 57 54 38 62 78 52 72 12 24 28 8 17 23 1 22 69 11 85 51 39 33 25 95 7 48 93 50 59 34 26
79 55 35 49 6 45 44 9 74 94 4 86 63 21 38 91 52 12 28 17 37 1 23 22 92 41 53 99 98 14 84 33 25 7 95 71 48 93 34 97 18 26 42
5 79 56 81 35 32 31 74 61 57 13 62 52 72 24 37 41 43 11 36 99 98 82 85 14 77 7 25 66 76 34 59 93 2
5 56 35 16 60 19 32 6 45 44 29 94 46 70 13 4 54 86 52 72 24 28 8 17 37 1 53 22 92 41 43 11 69 99 83 36 82 98 14 51 39 77 95 7 33 66 48 93 59 15 2 26 87 100
56 79 6 44 9 74 64 61 70 21 86 38 91 78 52 12 24 8 37 1 23 22 92 69 36 99 98 11 85 89 14 82 80 84 39 77 95 7 33 25 71 66 59 93 2 18
72 12 24 28 8 23 53 22 92 41 6 44 99 85 14 3 39 94 66 34 63 10 26 91 42
84 56 94 25 12 24 66 28 17 57 1 70 54 11 36 2 99 74
5 56 55 35 30 8 37 23 19 83 92 1 43 11 82 80 84 94 95 7 66 48 93 97 42
79 56 60 19 32 49 45 9 74 64 61 29 94 70 13 4 86 63 38 62 24 28 8 17 37 1 83 69 11 99 98 68 14 80 39 51 77 33 25 66 48 34 59 65 50 2 10 18 26
56 35 67 45 44 31 73 74 61 29 54 21 86 38 63 62 72 28 17 23 53 22 92 41 43 68 99 98 36 85 3 51 95 25 33 59 34 93 65 10
5 79 35 56 19 32 49 45 44 31 9 73 74 61 94 29 13 4 63 54 86 38 91 62 72 28 8 37 1 53 83 41 43 11 69 99 98 85 14 96 51 77 33 25 66 48 93 34 59 2 26 42
5 79 35 55 56 19 32 49 44 9 94 54 38 91 52 72 12 24 28 8 17 37 1 53 22 43 69 36 11 98 68 3 80 84 51 77 7 25 95 39 71 66 93 34 65 15 26 87
79 55 81 35 32 6 45 9 73 74 64 13 54 63 38 52 72 24 28 8 1 43 69 11 68 98 80 51 39 33 25 95 7 71 66 48 93 50 15 2 10 100
56 79 35 19 49 45 44 9 74 29 70 13 54 38 91 58 52 72 12 23 53 22 69 68 11 99 14 80 96 51 84 39 95 7 25 48 59 50 65 93 2 26 42 100
5 52 72 28 17 1 19 32 22 41 49 45 36 44 9 73 14 80 39 95 25 7 66 70 13 15 54 91 62
79 16 81 58 17 37 53 43 44 98 14 39 95 25 71 66 50 63 21 26 91 62
79 56 32 49 45 44 9 74 61 94 57 13 4 86 54 63 38 91 62 52 72 24 28 17 83 92 41 11 36 69 85 14 80 39 77 33 7 25 95 48 59 93 15 26
56 79 60 19 49 6 45 44 31 9 74 64 61 57 13 54 21 38 62 52 12 28 37 23 1 53 69 68 99 98 11 85 14 3 80 51 33 95 25 7 66 48 34 93 15 50 2 18 42
56 60 32 45 44 74 61 94 13 63 91 62 58 52 72 12 24 28 1 53 22 69 85 14 80 84 95 25 33 66 48 34 50 15 59 18 26 42
5 79 32 49 45 44 31 73 74 94 13 54 63 86 38 91 62 52 72 24 8 17 37 23 53 1 92 41 22 11 36 69 43 82 85 14 3 80 96 39 84 33 7 95 48 59 93 50 15 2 18 42
56 35 60 32 49 44 9 73 74 61 29 63 91 62 52 72 28 22 92 41 43 11 68 99 98 36 85 14 80 7 33 95 25 48 59
5 56 19 49 67 45 9 74 64 61 29 46 13 63 54 86 38 91 12 24 28 53 22 11 36 99 98 85 82 14 80 51 33 25 95 40 48 34 2 97 26
56 55 60 32 45 63 86 54 28 23 43 11 36 82 85 84 95 25 7 71 66 93 34 50 59 2 26 100 79 16 19 49 44 31 94 29 46 57 72 24 8 17 37 1 22 3 80 51 33 48 15
52 8 17 1 19 22 49 11 44 80 3 96 39 77 33 46 66 57 59 34 26 62 100
5 79 72 53 80 39 64 77 33 25 7 57 59 13 15 54 18 26 91 42 62
5 19 49 6 44 31 73 9 74 61 29 57 13 4 63 54 62 72 24 28 8 17 37 22 92 43 69 11 99 98 68 85 82 14 36 80 39 33 25 7 71 66 48 93 34 15 26
5 56 35 81 79 55 30 19 32 49 6 9 61 4 13 54 38 91 62 52 72 12 28 8 37 1 23 83 92 41 53 11 36 68 99 84 77 95 7 25 71 66 34 59 93 2 18 42
5 79 20 49 44 31 29 57 13 63 38 52 72 24 8 17 37 1 53 22 92 41 99 85 82 14 80 3 7 25 66 48 93 34 97 18 26 100
79 35 49 6 45 44 9 73 64 57 4 63 86 54 38 91 58 72 24 28 8 23 53 1 22 41 43 11 36 99 68 85 80 96 39 25 66 48 93 50 34 15 2 59 97 26 42 100
5 56 35 60 6 45 90 13 63 54 86 91 58 12 28 41 43 69 36 82 85 39 7 95 66 93 59 2 26 42 79 81 49 44 31 74 61 29 57 21 72 24 8 17 1 53 22 99 14 80 33 48 97
56 55 35 32 49 9 13 4 63 91 58 52 72 24 28 8 17 37 1 23 83 53 41 92 11 36 99 69 14 80 39 51 33 25 48 59 50 26
5 56 79 60 19 32 49 45 44 9 74 64 61 29 94 70 13 54 91 62 52 72 12 28 8 37 23 53 83 92 22 43 11 69 99 98 85 82 3 80 96 39 77 7 33 25 48 93 34 15 2 18 26 42
79 56 60 49 6 45 44 9 64 61 46 57 13 86 54 38 91 52 72 24 28 8 37 1 53 22 92 23 43 11 69 68 14 96 39 51 77 33 25 95 7 71 66 48 34 50 59 93 2 15 97 26 42
5 79 16 56 81 60 19 32 6 45 44 94 57 13 54 63 21 38 91 52 72 24 17 37 53 41 43 68 99 98 82 14 3 80 77 95 7 66 48 93 50 15 97 18 42 87
79 20 60 45 44 31 9 61 90 13 4 21 54 63 91 58 52 72 12 28 8 17 37 1 53 22 92 23 43 11 99 85 80 84 7 25 95 33 71 66 34 93 15 59 2 97 26 42
56 60 6 45 73 13 4 54 63 86 91 52 28 75 23 41 11 69 36 98 85 84 39 25 66 93 50 59 2 18 26 49 44 74 29 94 46 57 72 24 8 1 22 14 80 3 96 33 48 15 97
56 35 32 73 74 29 46 4 13 54 86 63 38 91 52 72 24 28 8 37 23 22 41 43 11 69 99 33 66 34 93 10 26 42
56 55 49 6 45 44 74 57 4 54 63 91 52 28 8 23 1 53 22 41 92 11 36 99 98 69 80 33 7 95 59 93 15 18 42
79 55 81 60 19 32 6 45 74 61 94 90 46 13 4 86 54 63 91 52 8 37 53 22 92 41 43 69 11 99 68 36 82 85 14 80 51 84 39 7 95 93 50 15 97
56 35 81 19 45 44 31 9 74 64 61 94 46 63 21 54 38 72 24 17 37 23 1 53 22 41 43 11 68 99 98 92 85 39 77 33 95 25 71 93 34 15 59 97 26 42
56 35 81 58 52 17 37 53 49 41 43 69 68 92 9 73 98 89 14 74 44 11 3 95 33 59 93 15 38 91
56 35 19 49 6 9 74 64 61 90 4 13 54 63 52 72 28 8 75 37 1 53 22 92 83 43 11 36 69 98 17 80 96 39 51 95 25 33 71 48 59 93 15 50 97 26
5 79 55 32 9 74 13 91 62 58 52 72 24 75 8 23 22 92 41 83 11 69 36 98 85 14 80 95 33 7 25 66 93 15 2 26
5 79 55 52 72 23 19 53 49 43 69 44 80 39 33 66 13 63 2 18
5 79 56 60 49 6 45 44 74 64 61 46 57 4 54 63 86 38 91 52 72 28 17 1 53 22 41 11 36 99 85 80 39 51 95 33 66 93 50 65 15 18 26 100
79 55 20 35 58 52 72 24 28 8 23 53 32 1 6 69 11 98 85 29 95 7 59 97 18 91 42 100
5 79 55 56 81 20 19 32 45 44 74 29 94 57 13 54 63 38 91 62 72 12 28 8 17 1 53 22 92 41 83 11 69 98 14 80 51 39 7 25 95 33 71 48 93 59 34 65 50 42
79 16 81 52 72 53 49 41 45 11 9 31 14 33 71 34 50 15 63 2 38 91 62
5 79 35 16 78 52 72 60 28 37 32 49 69 36 68 74 39 61 94 95 29 71 59 50 93 63 18 26
78 39 56 25 58 60 90 71 37 1 54 63 99 9 98 85 96
79 56 19 49 6 45 44 9 73 64 61 94 57 13 63 54 86 91 52 72 12 24 28 8 17 23 1 22 83 43 69 36 68 11 85 89 14 84 95 7 25 71 66 48 93 50 59 15 2 18
5 79 56 81 60 19 49 6 44 9 74 70 21 63 91 62 58 72 24 8 23 53 22 92 41 43 11 36 99 80 96 39 7 25 95 71 48 93 50 15 26 42 100
79 55 17 37 53 32 41 6 11 45 36 98 85 3 96 64 61 51 7 25 66 48 59 13 50 54 21 91
5 55 16 19 6 45 9 29 13 86 54 38 62 24 28 1 53 22 69 36 82 14 39 84 51 95 7 66 59 93 26
5 55 32 45 4 86 91 62 28 23 92 41 43 69 11 98 82 39 77 95 25 71 66 93 34 18 26 42 79 19 44 31 74 61 94 38 24 8 17 37 53 22 47 80 51 33 48
56 35 81 16 49 6 45 44 74 64 61 29 94 46 4 21 86 54 38 58 52 72 24 28 8 17 37 23 1 22 41 11 68 99 98 69 82 85 14 80 39 77 33 7 25 66 93 50 15 2 10 18 26 42
5 12 28 1 53 32 92 22 6 69 19 41 44 43 49 74 39 51 61 7 95 64 71 66 34 93 97 26 91 42
