200 200
56 35 110 32 136 197 145 182 196 115 185 64 63 168 191 91 62 122 58 179 199 177 28 75 148 111 92 171 43 118 130 125 162 84 77 25 76 59 34 124 27 10 26 18 147 87 116 169 200 81 141 160 19 135 44 146 106 109 29 161 107 57 70 21 193 78 105 8 17 137 53 22 190 121 166 198 14 178 80 96 51 33 143 40 113 65 174 97 142 134
35 197 67 145 196 115 153 64 90 139 4 63 168 191 54 104 91 62 183 158 176 122 58 179 52 28 75 173 23 148 111 36 68 82 118 119 162 39 77 95 126 172 76 59 2 10 18 194 42 116 100 169 200 16 81 195 141 19 74 138 106 29 161 128 57 159 70 21 193 38 131 120 192 78 105 72 8 37 175 121 166 89 14 178 80 3 51 33 149 155 113 15 174 97 142
114 110 60 30 32 136 197 145 73 115 64 151 4 63 91 62 183 122 58 179 177 199 28 75 173 148 23 92 41 43 36 82 130 162 39 77 95 25 126 172 71 156 59 10 18 27 26 147 87 116 200 79 20 81 160 135 74 138 109 61 29 94 128 102 57 70 152 21 193 88 129 131 78 105 8 17 137 22 154 47 121 166 14 178 3 51 33 155 181 113 65 174 134
56 200 55 110 35 30 160 19 6 74 196 138 64 94 70 21 191 38 129 62 120 131 192 105 179 199 72 184 148 154 47 188 190 11 43 69 166 80 125 162 39 84 155 59 34 97 174 10 26 18 167
35 123 114 136 197 145 196 115 112 64 139 86 191 183 58 52 75 23 111 188 92 148 43 171 36 69 82 85 130 162 84 7 172 59 27 10 26 18 87 169 81 20 195 141 19 146 94 57 159 128 193 88 129 131 120 78 105 184 17 137 154 190 121 166 89 51 149 155 143 65 174 142
35 114 55 60 32 197 145 73 196 115 112 90 139 54 168 191 104 91 122 58 177 199 12 28 173 23 111 188 92 68 82 130 162 84 77 126 103 124 27 18 26 147 87 144 132 116 81 195 141 160 19 135 9 146 74 138 106 109 29 46 57 128 70 38 129 163 131 120 192 78 105 8 17 37 137 53 22 47 175 190 154 121 166 89 14 96 51 33 149 181 113 15 97 142 134
56 55 114 110 35 123 60 32 6 197 67 145 196 115 185 139 4 54 63 191 91 62 122 58 52 179 28 173 75 111 148 188 92 41 43 23 36 171 68 130 118 162 39 84 77 126 172 59 2 10 18 147 87 127 140 100 116 169 79 200 81 195 141 19 187 135 31 74 138 106 61 161 128 159 57 70 193 88 131 120 101 78 105 72 184 17 8 154 22 175 190 121 166 14 51 33 155 181 113 97
56 35 55 110 60 30 136 197 45 145 6 196 186 185 64 90 4 63 168 191 104 62 150 58 179 52 199 12 173 41 171 69 43 68 36 85 82 130 119 162 39 77 7 25 126 156 59 34 124 10 27 26 18 2 147 144 140 169 81 19 135 9 146 74 138 106 29 161 128 102 159 70 21 193 129 120 78 105 72 8 17 1 22 47 154 190 198 14 80 178 51 33 149 155 143 113 65 15 174 134
164 115 64 104 183 52 75 111 23 41 43 171 68 82 39 77 126 172 59 27 26 116 200 81 187 138 107 152 78 133 1 137 154 190 142 55 32 197 145 54 63 91 58 173 188 36 162 84 25 87 140 160 19 49 159 70 193 47 166 89 178 149 65 15 97
56 35 60 32 6 136 45 145 196 115 64 90 4 54 63 104 183 58 75 173 148 23 188 92 11 36 68 98 82 125 39 95 25 172 66 103 76 34 10 18 26 147 42 87 132 100 169 141 19 44 135 31 189 146 74 138 94 161 70 21 193 131 120 192 105 137 22 190 166 89 178 33 149 181 155 113 97 174 134
169 200 55 195 141 19 32 197 31 196 115 61 161 57 159 4 168 191 88 129 193 91 131 120 101 78 58 177 75 23 53 154 41 43 190 68 36 121 166 82 14 130 162 39 51 33 172 59 2 97 27 18 10 167 87 144 140 157
114 123 60 32 73 196 115 186 185 139 63 86 54 104 122 23 188 36 82 118 119 130 162 84 77 95 7 71 59 10 18 194 26 27 87 200 81 160 19 9 106 128 57 159 70 193 38 120 192 105 72 137 22 190 121 166 14 80 96 51 181 143 113 174 97 142 134
56 35 60 30 32 197 145 73 182 196 115 185 64 63 86 168 91 62 58 199 12 28 173 148 111 92 41 69 36 98 82 130 125 162 84 39 77 7 95 126 172 34 59 124 27 2 18 167 147 144 42 140 100 169 200 81 160 19 44 9 146 74 138 106 29 94 161 46 128 159 70 152 193 88 131 192 101 78 105 72 17 22 154 121 166 14 80 178 96 51 155 181 40 65 97 174 142
35 123 30 6 136 145 196 115 64 139 54 86 191 158 176 122 58 52 199 179 28 75 173 23 188 92 41 43 11 36 68 69 82 118 162 95 25 126 172 71 76 2 10 18 27 194 26 87 124 116 100 200 20 141 160 19 135 74 109 128 57 159 152 70 88 192 78 105 133 8 53 154 190 121 166 89 14 96 149 113 97
169 200 123 16 6 44 135 73 196 164 115 112 106 64 138 186 74 139 128 102 63 168 193 191 104 131 192 122 58 179 199 173 17 8 148 92 41 190 171 68 98 166 162 51 84 77 95 149 71 143 103 113 124 27 18 147 42 127 142
55 35 197 73 196 115 90 54 191 104 91 62 199 28 173 23 111 148 188 69 68 82 162 95 59 124 27 18 26 42 169 200 81 160 19 31 146 106 109 161 107 46 159 70 152 193 129 131 192 101 8 1 154 190 89 14 178 96 51 149 155 40 113 65 97
169 200 81 32 6 44 145 9 196 115 74 106 107 46 128 159 70 63 193 38 91 120 183 192 122 8 17 173 111 53 47 41 175 190 36 121 82 166 178 51 77 25 149 40 59 97 26 147 140 116
114 55 35 60 30 136 145 73 115 64 4 63 191 104 62 58 52 179 199 75 23 11 36 82 130 162 39 95 172 71 66 156 34 59 27 10 147 42 144 132 127 116 169 79 81 20 160 19 187 135 9 74 106 109 161 57 70 193 88 131 24 8 53 154 190 121 14 178 80 51 155 113 15 65 174 97 134
35 110 30 115 90 4 168 104 183 179 52 75 111 41 43 69 68 82 130 119 125 77 126 71 59 2 124 27 144 100 200 81 20 195 135 9 138 109 152 88 129 78 8 154 22 14 33 40 114 123 32 145 196 63 191 122 58 199 28 173 148 188 92 36 118 162 95 25 76 18 194 147 87 140 169 160 19 146 29 128 159 70 21 193 38 131 105 17 47 166 178 51 155 181 143 65 97
56 55 35 30 136 197 6 145 196 115 64 90 139 168 191 91 122 58 179 199 28 173 75 23 111 148 92 41 43 36 68 82 118 162 39 84 77 25 126 172 34 10 27 26 18 147 87 144 132 116 100 140 169 200 79 81 195 180 141 135 31 74 106 61 161 46 57 159 152 70 21 193 78 105 8 184 53 154 22 3 96 149 40 113 97 174
55 35 30 197 67 196 164 115 112 90 63 168 191 62 183 122 28 75 23 188 41 36 82 130 125 77 95 25 172 156 18 26 194 147 42 144 116 100 79 20 195 141 19 44 9 106 107 57 128 159 70 21 193 88 120 105 8 154 190 121 166 3 80 96 33 149 155 97 142
169 35 114 110 195 81 141 19 49 136 135 145 115 90 102 70 168 62 158 24 75 17 148 53 188 154 92 41 121 166 162 39 77 33 25 95 172 2 26 142 132
200 56 30 136 145 135 73 138 109 46 139 63 168 193 191 62 192 199 75 17 37 53 154 92 188 68 166 82 51 25 126 172 181 40 34 113 124 174 18 87
200 123 81 195 60 19 145 73 196 115 74 106 153 139 57 70 63 104 62 58 179 199 12 8 23 137 154 92 41 43 190 36 148 121 82 166 119 162 39 51 77 95 149 71 59 113 174 97 27 18 147 42 142 134
114 123 16 30 141 160 32 136 67 197 135 196 115 138 106 161 70 63 168 193 191 104 91 62 131 192 122 105 58 179 75 173 23 188 175 171 190 68 69 98 121 166 130 80 178 162 96 39 7 25 126 172 71 66 76 59 113 65 2 27 97 18 194 147 42 144
169 114 35 55 32 136 6 45 145 31 146 182 196 164 138 106 90 128 4 63 21 191 54 193 62 131 192 101 122 58 52 12 75 173 148 53 23 47 175 190 41 98 121 89 51 77 33 25 172 181 155 76 59 124 97 174 194 18 27 140
200 55 110 136 197 6 74 106 161 57 159 191 88 179 28 173 37 137 47 41 190 68 166 89 80 51 77 33 172 59 34 15 174 97 10 27 87
56 55 35 60 30 32 136 197 145 182 196 115 153 90 4 63 168 191 104 62 150 122 58 28 75 148 23 92 41 69 36 68 82 130 162 39 77 25 126 71 34 124 27 18 10 2 147 87 42 140 100 169 81 20 141 160 19 187 135 9 31 146 138 106 109 61 94 29 161 159 70 21 193 129 163 131 120 192 101 1 53 22 47 175 190 121 166 14 178 80 51 149 181 113 15 97 174 134
56 55 114 195 30 19 136 135 31 196 64 90 139 70 152 168 191 62 101 105 58 179 199 17 23 148 188 92 190 98 82 166 118 80 162 96 95 126 66 10 97 26 142 116
56 35 114 123 30 6 67 197 196 139 4 63 168 191 54 58 177 179 75 173 111 23 188 92 41 43 171 36 82 85 118 119 130 162 39 77 95 126 172 66 34 59 2 124 26 167 147 42 116 100 81 141 160 44 135 31 146 106 29 94 57 128 70 21 193 88 120 101 78 137 53 22 154 175 190 1 121 89 14 80 51 155 40 113 97 142
114 195 19 136 6 145 31 146 74 115 138 109 64 61 161 90 139 159 70 4 86 168 191 54 129 62 120 183 122 105 58 179 52 28 8 17 75 111 23 53 92 1 154 22 69 36 121 188 82 162 51 84 95 126 149 155 65 27 18 26 174 87 116 100
169 56 35 200 55 19 32 135 44 9 145 73 74 164 186 106 138 94 46 90 139 102 128 70 4 152 63 191 88 193 91 131 72 199 28 75 173 111 137 22 154 41 43 36 68 82 14 118 125 119 162 178 77 33 149 172 155 66 181 103 59 2 147 42 140 100
56 35 114 60 136 67 197 145 73 115 186 185 168 191 104 91 62 183 150 58 177 199 179 12 188 92 41 43 11 68 36 82 125 162 39 77 95 25 172 59 18 144 100 169 79 200 195 160 19 135 31 146 74 106 46 102 57 159 88 163 129 131 120 192 78 8 17 154 190 121 3 80 51 33 149 155 143 65
56 35 55 110 60 32 6 136 197 145 196 186 90 139 4 54 168 191 104 91 62 58 179 199 52 28 75 23 188 92 43 69 36 68 98 171 130 39 84 77 25 66 103 93 59 2 27 18 194 26 124 42 140 100 116 169 200 81 160 135 146 74 109 161 159 70 21 193 88 163 131 120 192 72 1 137 22 175 190 166 89 14 178 3 149 155 113 65 174 97
169 114 81 110 195 55 60 35 197 67 145 44 135 73 146 74 196 138 112 109 64 106 115 164 29 139 191 88 129 120 192 58 199 72 184 75 137 111 22 92 154 11 69 166 89 80 96 84 162 95 149 66 59 124 10 2 97 140 100 116
114 35 110 32 136 6 197 145 73 196 115 64 90 139 168 191 104 91 62 183 122 58 52 199 28 75 173 23 148 111 92 188 171 69 68 41 98 82 118 119 130 162 84 39 77 95 25 126 59 2 10 18 26 147 42 116 140 200 81 160 19 49 135 9 74 106 128 159 70 21 129 120 192 8 1 137 154 22 190 121 166 14 3 96 149 181 155 143 40 113 65 174 97
5 200 35 195 60 19 197 44 115 138 106 112 29 94 128 57 54 21 193 86 129 104 183 78 179 12 28 173 8 17 23 22 175 190 171 121 14 3 125 162 51 77 126 172 149 155 103 143 27 26 194 87 140
81 58 179 60 72 173 184 8 23 19 136 68 9 146 3 178 138 29 77 149 181 57 113 63 2 27 88 18 26 97 42 87 183 120 192 191
114 81 123 195 20 32 136 197 135 145 196 74 138 112 115 128 159 70 54 21 193 192 101 78 52 75 184 23 53 188 1 148 171 69 36 92 121 166 82 3 96 51 39 95 40 113 124 97 147 42 142 116 100
56 35 110 67 164 115 90 4 168 104 183 179 75 23 41 43 69 68 171 82 39 126 172 103 59 2 27 10 26 116 100 200 20 81 195 135 138 109 161 57 152 129 120 137 154 22 121 14 33 113 114 55 32 136 197 145 196 54 63 191 91 122 58 199 28 173 188 36 98 84 7 95 25 18 194 87 132 169 160 19 44 31 146 74 106 94 29 128 159 102 70 38 192 105 17 47 89 178 80 51 149 155 181 65 97
56 110 60 164 115 90 139 13 168 179 12 75 23 41 43 69 68 82 130 125 39 77 172 103 59 2 10 26 116 100 195 138 107 46 57 88 129 120 78 8 137 154 190 121 14 33 40 113 174 55 136 197 145 196 63 91 62 150 58 199 173 148 188 92 162 84 95 76 18 194 147 87 157 169 19 49 44 146 74 106 61 128 159 102 70 131 192 101 105 17 53 47 89 3 96 51 149 181 143 48 15 65 97
56 35 115 64 90 139 13 23 111 41 43 171 82 125 39 77 126 172 71 66 59 2 27 26 116 100 200 81 195 141 9 138 46 57 129 120 78 72 184 22 154 190 121 33 40 113 174 142 55 123 32 136 197 145 196 151 63 191 58 199 28 148 188 36 162 95 25 76 93 18 194 147 87 42 140 169 19 31 146 106 61 29 94 128 70 193 101 105 17 47 166 89 178 3 96 51 149 181 155 65 15 97
169 200 20 81 195 160 19 136 6 197 135 73 196 115 74 64 61 94 161 107 90 139 57 159 168 193 88 129 104 91 131 150 122 58 179 52 28 184 17 23 111 188 154 175 171 69 36 68 121 82 166 118 178 162 39 84 95 25 149 172 143 34 174 147 42
35 30 32 197 117 64 151 90 139 62 52 75 173 111 148 23 92 41 171 11 36 68 82 130 125 118 162 84 39 77 95 126 76 59 124 10 18 194 27 167 132 200 81 20 195 141 31 146 74 106 29 161 107 46 57 159 128 70 102 21 193 88 163 129 131 120 101 184 17 137 22 175 121 3 51 155 181 113 65
200 35 110 195 19 32 135 145 74 115 106 161 139 54 193 88 129 104 91 131 101 105 58 199 173 17 137 148 22 47 190 69 68 121 14 130 80 178 162 51 84 77 95 96 126 149 50 65 10 18 26 147 42
35 110 60 30 6 115 185 139 13 168 104 183 179 52 177 75 23 41 68 82 85 130 125 39 126 71 103 59 124 27 2 26 10 127 100 81 20 195 135 109 46 88 129 120 78 184 37 137 154 190 121 14 33 113 174 123 136 197 145 196 191 62 158 122 58 199 28 148 188 118 84 95 25 7 76 18 147 87 167 169 160 19 74 106 61 29 94 128 159 70 21 193 192 101 105 53 166 178 3 96 80 149 181 155 143 15 65 97
55 114 35 110 60 6 197 136 196 164 64 4 63 191 104 122 177 179 12 23 148 92 69 68 36 82 130 125 119 162 39 77 95 25 66 103 59 124 27 10 18 26 147 87 100 169 200 81 160 19 9 31 146 74 138 106 29 128 57 159 70 102 21 193 88 120 192 105 184 8 137 53 175 190 166 89 178 96 51 33 149 181 155 143 113 65 97 174
123 35 55 136 197 145 4 63 54 104 62 176 58 52 199 179 28 173 23 148 41 43 68 82 85 162 39 126 172 71 76 27 18 26 116 100 169 20 81 141 19 135 9 74 106 94 161 102 57 159 193 88 129 78 17 53 22 47 175 190 166 89 14 80 51 33 113 15 174 97
200 35 114 81 55 195 60 19 32 136 197 73 196 115 138 29 161 151 159 63 168 193 88 62 192 122 58 179 52 75 23 69 82 89 166 80 96 51 77 95 25 149 71 181 59 124 27 26 132 140 100 134
35 114 55 110 32 136 73 182 196 115 185 54 168 191 104 183 58 52 199 28 148 92 41 36 98 82 162 84 95 126 59 2 10 18 27 26 147 144 140 100 169 200 20 19 135 9 31 138 109 29 107 128 159 102 70 57 193 129 131 22 175 190 166 14 80 96 51 33 113 174 97
114 35 55 30 32 197 145 73 182 196 115 64 139 4 63 54 168 122 58 52 199 75 173 23 111 92 41 43 171 69 82 130 125 119 162 39 77 95 25 76 103 59 2 18 26 42 132 116 100 127 169 200 79 195 141 160 19 44 135 9 146 74 138 106 128 159 57 102 21 131 120 192 72 184 17 8 137 22 154 47 190 121 166 89 14 80 3 178 51 33 181 155 40 113 65 15 174
55 114 30 32 6 145 182 196 115 90 139 191 91 62 58 179 199 177 52 28 173 111 148 23 41 68 36 162 77 95 126 59 34 93 27 10 26 147 140 169 200 20 195 141 160 19 44 135 31 74 138 106 109 61 161 107 46 57 159 102 70 193 120 192 105 8 17 37 53 83 154 47 190 175 121 166 14 3 178 51 155 181 174 97
35 81 160 136 135 146 164 115 185 70 4 63 62 183 177 52 28 8 137 188 47 92 41 36 166 82 130 33 149 66 59 27 97 26 174 87 116 134
56 35 110 60 30 32 136 145 146 138 57 159 102 70 21 168 191 192 78 28 75 17 23 148 47 166 80 39 77 95 25 126 156 27 18 26 147 167 116
123 55 110 196 115 64 90 168 191 104 91 62 58 52 199 12 75 173 23 188 41 69 68 36 82 85 118 125 162 25 172 59 34 124 2 18 194 10 147 87 26 140 100 169 200 81 20 141 160 19 135 146 74 138 106 61 94 107 128 57 70 21 193 88 120 101 105 8 17 22 154 175 190 89 14 178 3 96 51 33 149 40 65 97
35 114 55 30 32 6 197 136 196 115 64 90 4 54 63 191 62 183 58 179 199 173 75 23 111 188 41 43 68 98 82 118 125 162 84 77 95 25 7 126 71 66 93 2 27 18 26 124 147 42 100 169 20 81 195 19 44 135 146 74 138 29 94 161 128 159 102 70 21 193 129 120 192 101 78 105 72 8 137 154 175 190 166 14 80 178 96 51 33 149 181 143 113 15 65 97 174
35 19 32 135 9 146 74 115 138 185 139 128 57 86 63 193 21 191 88 62 120 183 131 78 58 179 28 173 75 8 148 53 188 41 190 69 68 121 98 166 82 130 80 178 125 95 33 25 59 65 124 97 27 18 147 100
35 55 60 30 32 197 145 164 115 196 64 139 63 191 62 122 58 179 75 23 148 188 41 69 36 82 118 125 162 84 25 126 172 124 194 26 147 140 100 200 81 141 19 31 138 106 109 161 128 70 152 193 192 78 17 154 47 175 190 121 14 80 96 51 155 143 40 174
123 35 195 60 19 32 49 197 135 145 74 115 138 196 106 112 94 46 139 57 128 70 191 193 62 78 105 58 52 199 75 173 23 188 154 41 190 43 68 36 98 14 130 178 125 162 118 172 181 76 15 2 97 174 18 27 147 42 87 100 157
56 55 123 35 60 30 6 136 197 73 182 196 115 185 64 151 90 139 191 183 58 52 199 75 148 111 23 43 171 36 68 98 69 82 118 125 162 95 25 172 27 10 26 18 147 194 169 195 19 135 31 9 146 74 138 106 109 61 29 161 102 159 57 70 128 193 88 129 120 192 101 105 17 137 53 154 121 166 14 178 80 3 51 33 155 143 97 174 134
35 60 136 197 145 73 196 115 64 90 139 63 168 191 54 104 62 122 179 52 28 75 23 188 41 43 171 68 36 82 162 84 39 25 172 34 2 27 18 26 42 144 116 100 169 200 20 81 195 135 31 146 138 106 109 61 161 128 57 193 88 129 101 78 8 137 53 47 190 121 166 14 96 155 113 97 142
35 60 115 186 90 139 4 168 52 75 171 69 68 43 82 130 125 39 126 172 71 66 59 2 10 27 26 116 100 200 20 81 195 141 138 109 161 107 57 129 120 78 133 8 184 154 190 121 14 40 113 174 142 55 32 197 45 145 196 54 63 91 62 122 58 199 173 148 188 92 36 118 162 84 18 147 42 87 44 31 74 106 61 29 102 159 70 21 193 192 105 53 47 89 80 178 96 3 149 181 155 65 97 134
5 35 60 136 197 67 145 6 73 164 115 196 64 63 54 104 62 183 58 52 177 28 75 173 188 92 41 171 11 36 68 85 82 95 7 172 34 59 27 10 26 18 147 87 42 167 116 100 140 169 79 194 81 195 141 160 19 135 44 9 31 74 138 106 109 161 102 128 159 21 193 88 131 120 192 78 184 8 22 47 154 175 190 121 166 89 14 80 96 149 155 143 40 113 65 15 97 134
35 55 114 110 60 30 32 196 115 185 90 63 54 191 104 62 58 179 28 173 23 188 41 43 171 68 82 162 77 126 172 76 59 34 2 18 147 87 127 195 19 44 135 106 29 57 21 129 101 78 8 17 184 137 22 47 154 190 121 178 80 143 65 142 134
55 35 32 197 145 186 185 64 90 139 54 168 104 62 179 199 52 28 148 23 188 41 43 11 36 85 130 162 84 77 95 25 126 59 124 27 10 26 147 144 116 157 169 79 81 195 141 160 19 135 138 106 102 159 57 70 152 21 193 88 131 78 105 17 1 53 154 190 166 89 14 80 51 155 143 113 65 142
35 55 60 32 145 196 115 164 64 90 139 4 54 168 191 63 104 122 58 177 199 179 28 75 23 111 188 92 171 69 36 82 130 118 39 84 77 95 25 7 126 172 59 2 10 18 26 124 147 42 100 157 169 200 81 195 141 160 19 31 9 146 74 138 106 109 61 94 161 57 21 193 88 38 120 78 105 8 17 37 137 53 154 121 166 89 80 96 51 149 155 181 143 113 97 174
56 114 123 55 60 32 6 197 145 196 64 90 4 54 86 63 191 62 183 150 58 199 28 75 148 23 92 43 69 85 82 119 162 77 25 126 172 34 59 124 27 26 194 42 87 116 157 100 79 200 195 160 19 135 44 146 74 138 109 57 159 70 21 88 129 163 131 120 101 78 8 184 17 137 154 47 190 166 89 3 51 181 143 113 97 174
169 56 81 141 19 136 6 135 44 182 138 107 139 128 54 63 129 104 62 120 192 52 12 8 190 43 166 14 130 178 84 77 95 113 27 174 194 147 42 127 116
35 55 123 60 32 136 197 145 73 115 112 64 90 139 4 63 168 191 62 183 122 58 52 199 28 148 23 188 111 41 43 92 36 82 118 162 84 7 25 126 172 66 76 59 2 10 147 116 100 200 81 19 135 146 74 138 106 109 61 161 46 102 159 70 88 129 131 120 192 101 133 24 8 1 137 154 22 190 89 14 96 51 149 181 143 113 65 174
35 60 30 197 73 196 115 186 139 63 168 191 62 183 199 28 75 173 111 23 188 41 43 36 68 82 130 162 84 77 126 172 103 34 2 27 18 124 10 147 87 127 140 100 200 81 195 19 187 74 138 61 57 159 128 70 21 193 88 163 120 101 105 8 137 22 154 175 121 89 14 80 178 33 149 155 143 65 174 134
56 114 55 123 35 60 30 197 67 196 115 90 4 63 191 62 58 199 75 173 111 148 188 23 69 82 118 162 39 77 25 126 71 93 27 18 10 147 116 100 169 20 187 135 44 74 138 106 161 21 163 129 120 78 72 37 1 53 83 154 47 190 121 89 14 178 80 33 149 181 40 174
35 114 110 55 60 30 32 136 197 45 196 115 186 64 139 191 104 62 183 122 58 177 148 111 92 41 171 69 36 68 130 162 84 77 7 25 172 103 156 59 34 2 10 124 26 18 147 42 87 100 169 200 81 160 19 135 9 31 146 74 138 94 161 102 128 152 193 88 129 192 78 105 8 184 137 22 47 121 166 14 3 80 33 149 181 155 143 113 65 174
169 200 123 81 110 60 160 19 67 44 73 146 186 106 185 61 90 139 57 128 4 63 54 104 131 120 192 122 58 52 199 8 184 17 111 23 154 47 92 22 175 190 119 178 95 149 172 59 65 10 26 147 140 116
169 200 55 81 195 30 160 32 197 45 44 74 196 164 138 109 90 128 159 63 38 104 78 105 173 17 111 53 188 154 190 68 36 98 121 80 96 51 162 95 126 149 113 65 124 27 18 26 174 42 116 100 140
35 114 123 30 32 6 136 197 145 73 182 196 186 185 64 90 4 54 63 191 168 104 62 183 58 52 199 28 75 23 92 41 43 69 36 171 82 118 162 95 25 126 172 103 59 93 34 27 10 26 194 147 18 116 200 81 20 141 160 19 135 9 31 146 138 46 57 159 70 21 193 129 120 78 105 72 8 17 184 137 53 154 22 175 190 121 166 14 80 51 33 149 181 155 143 40 113 15 134
55 35 30 67 164 115 196 64 90 139 13 150 122 58 52 177 179 28 23 148 92 41 36 68 118 162 39 77 95 172 103 76 59 34 124 2 18 26 27 116 100 169 200 81 20 160 19 44 74 161 128 159 57 70 21 193 129 192 78 105 24 53 154 190 121 14 178 80 51 149 181 155 65 174
169 79 114 81 20 30 32 197 115 186 106 161 90 168 193 104 62 120 58 184 17 75 53 22 41 69 36 121 14 162 96 149 71 59 174 18 147 142 134
200 55 35 79 81 30 141 19 67 44 135 73 146 74 196 138 106 64 161 139 57 159 54 63 168 193 104 62 192 78 122 58 133 199 179 28 75 8 23 148 137 188 111 154 36 121 14 3 125 96 95 172 149 59 113 124 174 2 142 116
55 60 136 197 6 73 196 115 185 86 168 191 63 104 62 183 150 58 179 12 28 75 173 111 148 92 43 68 36 82 118 125 77 95 25 126 172 76 34 59 2 27 18 124 144 127 116 100 169 200 79 20 81 195 160 74 138 106 107 57 159 70 193 163 131 120 78 105 17 137 1 22 47 190 121 89 80 96 51 149 181 143 65 97 174 142
35 110 60 136 197 145 73 196 164 186 90 139 4 168 191 122 58 179 199 173 75 148 111 23 43 171 68 36 82 118 119 39 77 95 126 172 71 103 59 93 34 124 27 18 87 169 200 79 20 195 141 160 19 187 135 9 146 74 138 106 109 29 94 128 57 159 70 152 193 129 131 192 101 72 8 17 53 154 47 190 121 166 89 14 3 178 80 51 149 113 15 65 97 142
55 114 136 145 73 196 115 151 90 63 168 191 62 122 58 177 199 75 23 188 92 36 68 82 119 162 84 95 25 156 76 34 59 10 26 42 140 100 169 200 81 160 49 44 74 106 161 57 128 193 38 129 88 131 192 137 1 47 175 190 89 178 3 155 65 97 174
123 35 32 136 67 145 182 164 115 139 168 191 104 62 58 177 52 173 111 148 23 41 43 11 36 82 118 125 39 84 77 172 59 18 147 169 20 19 135 44 138 161 46 102 57 21 193 88 129 131 78 17 1 154 190 166 14 80 178 51 149 155 181 40 113 65 97 174 142 134
55 20 35 60 160 6 136 145 135 164 74 94 29 161 46 139 57 159 128 152 70 54 168 191 129 131 192 133 52 72 28 8 17 53 188 22 47 171 11 68 82 166 130 162 77 95 149 155 59 124 174 144 116 100 140
56 35 110 60 30 32 6 197 136 145 196 115 90 139 4 54 63 191 183 150 122 58 52 12 28 173 75 148 111 23 188 41 43 92 36 68 98 118 130 119 162 39 77 95 25 172 156 124 27 194 147 87 167 144 140 127 79 200 81 20 160 19 135 74 138 106 29 161 57 159 128 70 21 193 88 129 131 192 101 78 105 72 184 17 137 154 47 175 190 166 89 14 80 178 96 149 155 181 143 113 15 65 97
35 114 60 32 136 197 145 73 182 196 115 186 64 90 139 4 54 191 122 58 179 177 12 28 75 173 111 148 23 92 41 43 36 68 82 118 162 84 39 77 95 25 126 66 76 103 59 27 18 26 10 147 116 100 169 79 200 20 141 160 19 44 135 31 146 74 138 106 94 29 46 57 128 102 70 159 21 193 88 129 120 78 133 72 184 137 53 154 175 14 178 51 155 181 40 113 65 15 174 97 142 134
114 35 123 60 6 197 196 186 112 90 168 191 122 58 52 199 177 75 173 23 111 188 92 41 43 36 68 82 130 119 162 77 25 126 66 59 10 26 87 144 42 116 100 169 20 195 160 19 135 44 31 74 138 61 161 107 57 193 38 88 192 101 8 1 137 154 47 190 121 89 14 3 80 149 155 143 40 113 65 97 174
56 114 35 55 32 136 197 145 196 115 139 63 168 191 104 62 122 52 199 179 12 111 23 188 41 171 69 68 36 130 162 39 77 95 25 172 71 93 34 10 18 27 147 167 140 100 116 79 81 20 195 160 19 31 146 138 109 161 107 46 128 70 152 193 88 120 192 101 105 72 184 1 53 22 47 190 121 166 178 96 51 33 149 155 181 97
35 55 60 32 136 197 145 196 186 64 191 91 150 122 52 199 28 75 148 111 41 36 68 130 119 125 162 84 77 95 25 126 156 103 59 50 26 147 42 144 169 200 20 195 19 44 9 146 138 106 94 57 159 128 70 152 129 192 101 78 105 72 17 1 137 154 47 190 121 166 14 178 80 3 96 33 149 155 40 15 65 174 134
56 35 30 73 115 186 64 90 139 4 52 75 111 23 41 171 11 43 82 119 71 66 156 59 124 10 27 26 116 200 79 81 20 195 141 187 135 9 138 161 46 57 88 129 120 78 8 154 14 40 174 142 123 114 55 136 197 145 63 54 91 62 150 176 122 58 199 28 148 36 118 162 95 25 7 93 34 18 194 147 87 169 160 31 146 74 106 128 102 159 70 193 131 192 105 47 166 89 80 3 178 51 149 155 181 97
169 55 195 19 197 31 196 115 61 29 161 90 159 21 168 193 88 129 105 58 179 72 12 52 28 1 47 175 190 82 89 118 162 39 51 77 33 149 59 34 113 97 18 194 167 147 132
55 60 141 19 44 145 135 146 74 138 64 46 128 57 102 70 21 191 88 192 78 122 58 52 199 28 173 184 47 190 82 166 14 130 178 84 51 25 149 155 40 65 174 194 100 134
56 123 55 32 136 45 145 112 64 90 4 54 62 150 122 58 179 52 75 23 111 188 92 41 36 125 162 39 172 71 103 156 34 42 87 116 200 141 160 19 135 9 146 74 106 29 107 57 159 70 152 21 193 88 131 192 101 78 72 17 37 53 154 22 175 47 166 14 80 178 96 33 113 97 174
56 35 123 136 73 164 115 186 185 64 90 4 63 168 191 91 62 183 58 179 199 28 75 23 148 188 92 171 36 82 130 162 84 39 77 95 25 126 172 71 66 103 59 2 27 10 26 18 147 127 116 100 169 81 160 19 31 146 74 138 106 61 161 128 57 21 193 88 129 120 192 101 78 105 72 8 17 37 137 22 175 190 166 96 149 181 155 143 40 113 15 65 174 142 134
123 35 114 73 115 168 191 104 183 122 58 199 23 111 43 11 36 69 82 130 162 39 126 172 66 59 18 42 87 200 79 195 19 31 74 138 106 94 161 128 57 102 21 193 88 120 105 72 8 184 17 190 121 166 89 14 178 80 96 51 33 155 181 174 97
200 114 105 110 199 28 173 8 41 190 69 145 136 31 197 166 146 74 115 125 185 64 77 95 161 155 139 70 15 63 174 88 193 91 131
81 60 30 141 160 197 145 44 9 74 115 138 106 61 29 161 57 70 63 191 91 62 183 78 58 179 28 173 8 53 154 188 41 68 36 121 82 89 80 51 84 39 95 33 25 77 71 143 59 113 2 27 97 10 18 42 144 140 100
30 32 136 197 145 196 115 64 90 139 86 63 62 58 179 199 177 52 173 23 148 188 92 43 68 98 82 130 119 125 77 25 126 108 172 103 59 124 27 18 144 116 100 169 81 20 195 141 19 135 9 31 74 138 106 61 94 161 107 128 159 70 88 129 131 120 101 78 105 17 137 154 175 190 121 166 14 149 181 40 113 65 15 174 142 134
169 56 200 81 195 30 6 45 145 44 196 159 63 86 191 88 129 62 120 78 122 12 17 154 41 190 43 80 3 162 33 25 126 172 103 34 15 97 18 42 144 140 100 134
55 114 110 32 136 197 67 145 6 186 185 64 90 139 4 63 54 191 104 62 158 122 58 179 52 177 75 111 188 92 41 171 36 85 82 118 84 39 77 95 126 172 59 10 26 147 42 167 140 169 200 195 141 160 19 135 146 189 74 61 94 161 46 102 159 128 193 88 192 78 8 22 154 190 14 3 51 149 155 40 113 97 174 142
169 79 35 200 56 195 60 141 197 45 145 31 73 196 138 109 29 161 63 54 191 163 104 91 78 122 58 52 75 37 148 92 175 190 98 121 82 14 119 178 96 162 51 77 126 172 181 103 113 65 124 27 2 10 18 147 87
169 79 114 35 81 56 30 136 197 135 31 9 146 196 112 94 139 57 159 70 21 193 88 129 191 131 62 150 101 105 177 72 12 199 75 23 148 154 190 43 130 178 51 84 77 155 40 59 113 2 87 144 142
55 35 110 32 136 6 145 73 196 115 90 139 63 168 191 104 58 52 28 111 23 148 92 41 69 11 68 82 118 119 162 77 7 126 172 71 124 27 18 147 87 144 116 100 79 200 160 19 146 138 106 128 159 21 88 129 163 131 192 101 78 8 22 190 121 89 14 80 96 33 155 181 48 113 15 97
114 55 60 141 19 136 197 44 74 115 106 94 90 70 13 4 54 168 191 88 129 62 101 78 122 52 199 8 37 137 22 92 41 43 69 14 118 80 39 95 25 172 71 155 40 59 27 174 167 142 100
35 123 60 30 136 145 73 182 64 90 63 168 191 54 62 183 122 58 177 199 173 23 111 188 92 41 43 148 68 36 82 125 84 77 95 25 126 76 156 59 50 18 26 147 132 140 100 79 200 20 195 19 49 135 44 9 146 138 106 94 29 161 57 128 102 159 70 21 193 88 163 120 192 78 105 133 184 17 8 37 53 154 47 1 121 166 89 14 3 51 33 149 155 143 113 97 174 134
55 123 32 136 197 145 73 115 64 90 139 168 191 104 91 62 122 58 177 199 179 28 75 173 148 23 188 41 36 98 118 130 162 39 77 95 25 172 71 66 156 103 34 27 26 147 87 100 157 200 79 81 20 195 141 160 135 146 74 138 106 94 107 57 128 102 70 21 193 88 129 131 78 105 133 8 17 37 175 121 166 89 178 3 96 51 149 155 40 113 65 97 174
56 123 55 114 32 6 197 145 196 164 64 90 4 54 191 91 122 58 199 75 23 188 92 41 171 118 162 84 77 25 126 76 59 27 10 18 147 42 144 116 140 169 200 141 19 135 44 146 138 29 102 159 70 21 193 192 133 8 17 154 22 175 190 166 14 178 80 96 51 149 113 65 97 174 142
35 55 114 123 30 32 197 145 196 115 186 63 168 91 62 58 177 199 28 75 23 188 41 171 69 36 82 118 125 162 77 25 172 156 18 26 147 87 132 100 169 81 141 19 44 135 9 146 74 106 29 161 57 159 102 21 193 101 78 8 184 37 22 154 14 80 96 149 155 181 143 65 97 174
55 35 114 60 197 145 73 182 164 115 112 90 139 4 54 63 191 104 62 183 122 58 179 199 52 75 173 23 111 188 92 43 36 68 118 125 162 84 39 77 95 25 172 103 124 27 18 194 10 147 87 144 26 116 157 169 200 16 81 141 135 31 9 146 74 106 109 161 128 159 102 70 57 193 88 131 120 192 78 105 72 8 17 37 137 53 154 47 166 80 96 51 143 113 65 97
55 35 110 123 60 30 32 6 164 196 115 64 4 54 168 191 63 91 62 183 52 177 199 28 173 23 111 188 92 41 171 36 68 82 130 125 162 39 84 77 7 95 25 172 59 124 27 18 194 10 147 42 144 26 20 81 195 160 44 135 146 74 138 46 57 70 193 88 129 131 120 192 78 105 133 17 137 1 154 190 121 166 89 14 3 178 51 149 181 155 40 48 113 65 97 134
110 60 30 32 6 197 196 115 185 90 139 4 63 168 91 183 58 179 199 52 75 173 23 188 92 41 171 68 36 85 82 119 162 84 77 95 126 71 76 156 103 124 27 18 194 26 147 42 116 140 169 200 81 141 160 19 44 31 146 74 138 106 61 29 94 128 159 57 70 102 21 193 129 131 120 192 78 72 8 17 137 22 154 190 121 166 14 178 80 96 51 149 181 155 113 15 65 174 142
56 35 110 60 30 115 139 13 86 168 104 177 179 75 111 23 41 43 69 85 82 130 119 39 77 126 172 156 103 59 124 27 10 26 2 116 100 200 81 20 195 141 109 57 88 129 72 8 1 137 190 14 33 174 55 123 136 197 145 196 151 191 62 122 58 199 28 173 148 188 92 36 162 84 95 25 18 147 42 140 169 160 19 44 31 146 74 106 94 159 70 193 131 192 17 53 166 96 51 149 155 97
35 110 60 30 115 153 185 64 90 4 86 168 104 183 179 75 23 43 171 68 130 77 126 172 71 66 156 59 124 10 26 144 127 116 100 200 81 20 195 141 135 138 161 107 129 120 78 184 8 137 154 22 190 121 14 55 123 32 197 145 196 54 63 62 150 58 199 28 148 188 92 36 118 162 84 95 25 76 34 93 18 147 87 42 19 44 31 106 29 102 159 128 70 21 193 131 192 101 53 175 166 178 80 96 51 149 15 97
56 35 123 110 55 60 136 67 197 145 45 196 185 64 90 54 168 191 63 104 62 58 179 199 12 173 111 23 92 43 36 68 82 130 77 126 59 124 194 26 87 144 42 132 100 169 81 160 19 187 49 135 146 74 138 106 46 152 70 21 193 88 131 120 192 101 105 8 17 137 53 190 89 14 178 149 181 155 143 113 65 174 97
55 114 197 145 73 182 164 115 186 64 90 13 4 54 63 168 91 62 183 58 52 75 173 23 188 92 43 82 118 125 162 39 84 7 95 59 34 124 10 18 26 147 116 140 200 81 195 141 160 19 31 146 106 29 94 57 70 193 88 129 131 78 72 8 17 1 154 190 89 14 96 51 149 155 181 40 65 97 134
169 55 35 19 74 64 61 94 161 57 70 21 54 104 131 62 122 52 28 173 75 188 92 190 69 68 82 178 162 84 126 113 65 174 18 147 144
56 123 35 110 60 30 32 136 197 6 145 73 115 112 90 54 63 191 168 104 91 62 122 58 52 75 173 148 111 92 41 171 11 68 36 98 82 130 162 84 77 95 25 7 126 172 66 59 10 18 26 27 147 132 116 169 200 160 19 187 135 9 31 138 94 107 46 102 128 70 152 21 163 131 120 192 101 78 105 8 17 154 190 166 14 80 96 51 33 149 181 155 143 65 97 142 134
55 35 123 32 136 197 145 196 115 164 90 4 191 104 62 122 58 52 148 23 188 92 41 111 68 119 162 84 39 77 95 126 76 59 10 18 194 27 147 42 127 140 169 200 195 19 135 31 9 146 74 138 109 29 57 152 70 21 193 88 129 163 131 120 101 78 8 17 22 47 175 190 121 89 14 178 96 51 149 143 40 65 97 174
55 35 60 30 32 6 197 145 196 115 139 54 191 183 179 177 111 23 188 41 171 68 82 118 162 39 84 77 95 7 172 34 59 50 124 27 2 18 147 87 42 132 116 140 169 20 141 19 135 146 74 138 106 94 161 128 57 159 70 21 88 120 105 72 184 17 8 154 47 190 121 89 14 80 96 51 33 155 174
6 115 64 90 168 183 179 75 41 43 69 68 85 82 125 39 77 126 172 71 66 59 10 27 26 127 116 100 200 81 20 195 135 9 161 57 88 120 78 72 8 137 83 22 154 190 121 113 174 114 55 197 45 145 196 151 54 191 62 58 173 148 188 92 36 162 25 76 194 147 87 167 169 160 44 31 61 29 128 102 193 38 163 131 192 105 17 53 47 175 80 3 178 96 149 181 155 143 15 65 97
56 55 35 60 30 32 197 196 115 64 90 63 191 104 91 62 183 122 58 179 23 92 41 43 82 130 162 84 77 95 25 126 34 93 59 2 10 18 147 87 116 169 81 20 160 19 49 135 31 146 74 29 161 128 57 159 88 192 101 105 17 53 190 166 14 80 178 181 40 113 97 174
110 30 136 145 73 196 115 90 139 4 54 191 91 122 58 52 199 179 28 75 111 23 41 68 36 82 130 162 39 77 25 126 71 66 76 103 59 27 18 194 26 87 132 116 140 20 19 135 9 74 106 29 161 102 128 159 70 152 21 129 131 120 192 101 105 184 17 137 154 190 121 14 80 113 174
110 30 6 136 197 73 90 139 54 168 191 91 62 150 52 12 23 111 41 171 69 68 118 130 77 95 25 172 76 34 2 124 18 26 147 87 42 127 140 169 200 81 141 19 187 44 146 74 138 109 61 29 161 57 70 193 129 163 101 78 105 133 184 154 89 14 149 181 113 97
55 81 17 23 19 154 41 43 68 98 121 82 166 89 85 80 106 162 130 39 94 77 161 155 90 139 59 113 63 97 174 147 140 157 192
169 79 114 32 67 44 135 9 146 74 115 64 29 94 107 90 57 70 63 193 163 104 131 183 105 58 52 199 12 75 137 22 188 41 171 154 68 121 82 178 39 51 181 10 18 147 116 100
56 35 20 30 141 19 135 44 31 146 196 74 64 90 128 159 63 168 191 54 88 193 120 105 52 199 28 173 22 92 154 43 190 68 89 96 51 162 33 126 149 155 181 113 27 100
79 56 81 35 200 60 19 32 197 135 74 185 90 139 128 152 54 168 191 88 104 91 192 101 78 58 52 199 28 75 111 23 92 98 82 14 178 51 25 126 149 103 59 65 174 27 194 147 42 142 116 100
56 55 35 195 60 19 187 136 197 135 146 138 128 57 70 168 91 62 120 192 179 199 12 173 17 184 8 154 47 41 190 36 68 121 82 166 14 130 178 162 77 149 76 59 15 65 2 174 26 147 42 142 132 100
56 35 30 115 64 90 139 168 104 52 23 111 41 43 69 68 85 82 125 39 126 103 59 2 27 26 144 116 100 79 200 20 81 135 138 109 46 57 152 88 120 8 184 154 190 121 14 33 40 113 55 114 136 117 197 145 196 63 91 62 122 58 199 173 188 92 36 98 162 84 25 18 194 147 87 42 140 169 160 19 44 31 74 106 94 29 128 159 102 21 193 192 105 17 53 166 89 178 80 96 51 149 143 65 15 97 134
35 60 197 73 196 115 64 90 139 4 54 168 191 63 104 62 176 122 58 179 199 12 28 75 148 188 41 43 171 36 11 130 119 125 162 39 77 95 25 126 108 103 156 59 93 2 27 18 26 147 42 140 100 116 200 81 195 19 187 135 9 146 74 138 106 94 29 161 46 57 70 152 193 88 129 120 192 78 105 133 72 24 8 137 53 154 22 175 190 14 51 149 155 181 113 65 174 97 134
56 114 55 35 136 197 196 164 115 64 90 139 4 63 168 191 91 183 122 58 179 12 75 148 23 188 92 41 43 68 118 162 39 95 25 172 66 76 103 93 59 124 27 10 194 147 87 116 100 169 200 16 81 20 160 187 19 135 44 31 146 74 138 161 46 128 102 57 70 21 193 129 192 105 133 8 137 154 47 175 190 121 166 89 14 178 96 33 149 181 143 65 174 97 142 134
35 60 30 32 136 197 145 196 164 90 139 4 168 191 150 52 199 179 28 173 23 188 41 68 36 82 125 162 39 84 95 25 126 172 66 59 124 27 18 26 10 147 42 132 20 81 195 141 19 187 135 146 138 29 57 159 128 70 193 192 78 133 1 175 121 14 96 149 143 113 65 174 97 142 134
55 123 110 136 67 197 145 115 90 139 4 63 168 191 104 62 58 179 75 173 188 92 41 43 69 36 82 130 119 39 77 95 25 126 172 71 156 59 93 2 10 27 26 147 87 127 116 100 169 200 20 195 141 160 135 31 146 74 106 109 61 94 57 159 21 193 88 120 192 78 105 8 17 53 154 175 190 166 80 3 178 51 155 113 65 97
56 35 55 123 32 136 67 182 196 115 63 86 168 91 62 183 176 122 58 52 199 75 111 23 188 92 41 148 68 82 130 162 84 39 77 95 25 126 172 156 59 34 26 147 169 200 81 160 19 74 29 161 128 21 193 88 131 120 192 101 72 8 53 22 190 166 89 178 3 96 149 155 40 113 65 174
114 110 60 30 32 6 67 145 73 115 112 90 139 63 168 104 91 62 158 58 52 179 199 28 173 75 111 148 188 92 43 36 98 82 130 118 162 84 39 77 95 25 172 71 59 2 27 18 124 26 10 42 147 132 116 127 87 169 200 20 81 195 160 19 135 44 9 74 109 94 161 46 57 102 159 70 21 129 131 192 101 78 184 8 1 154 190 166 14 80 149 155 181 143 65 174 134
55 30 6 145 196 115 185 64 63 168 191 62 179 52 12 28 111 148 23 68 98 82 162 39 84 126 59 124 18 26 147 169 81 20 195 19 135 9 31 146 138 106 94 128 57 102 70 193 129 101 137 154 14 80 3 96 51 178 149 181 113 97 142
35 30 32 6 197 136 145 196 115 186 112 151 139 4 191 62 122 52 199 173 75 23 111 188 148 43 68 36 82 130 125 162 95 172 59 93 27 18 26 167 42 147 87 116 169 81 195 141 19 135 31 74 138 29 161 128 159 102 70 88 129 192 78 105 22 154 190 121 166 80 51 149 113 174
16 20 81 195 141 32 6 31 74 138 112 64 61 29 161 90 102 57 152 4 163 129 120 192 179 28 184 17 8 23 188 92 41 190 36 68 121 98 166 89 14 82 178 80 162 51 96 3 149 172 59 34 174 18 26 97 42 144 116 100
35 30 32 136 197 145 73 196 115 164 64 90 139 4 63 191 104 62 183 122 179 199 75 111 23 43 36 82 162 39 77 126 172 34 50 124 10 27 100 169 200 20 195 160 19 135 74 138 106 61 128 159 57 70 152 193 88 192 72 184 17 154 121 89 3 80 96 33 149 155 97
56 110 30 6 73 115 185 90 139 177 52 111 23 41 171 43 82 130 125 39 126 59 124 10 27 26 127 116 100 200 20 81 195 141 135 138 109 161 46 57 88 129 78 133 72 184 137 1 22 190 121 14 33 113 174 142 114 123 55 136 197 145 196 63 191 62 58 199 28 173 188 36 118 162 84 25 18 147 140 157 169 160 19 146 74 106 61 94 128 102 70 21 193 192 105 47 175 89 80 96 51 149 48 65 134
56 114 60 197 45 196 112 63 54 91 122 58 179 199 12 28 23 188 92 41 43 69 68 171 82 77 172 71 108 103 59 27 26 194 147 100 200 20 141 160 19 135 44 31 9 94 107 102 70 21 193 88 78 137 175 190 121 198 89 178 96 51 149 155 181 48 113 97 174
123 60 197 145 73 182 115 185 90 63 62 58 179 199 28 148 23 41 69 98 82 125 162 39 77 25 126 103 156 34 59 2 124 18 26 194 10 87 42 132 157 169 200 81 20 195 19 135 146 74 106 107 128 159 102 120 192 105 8 17 137 53 154 22 47 166 14 80 51 149 143 113 65
55 35 30 32 136 197 145 182 196 115 139 4 63 168 191 54 104 91 62 183 122 58 199 173 75 111 92 41 43 171 68 125 162 39 84 77 95 25 126 66 103 59 10 18 27 26 147 194 100 169 200 20 81 141 160 19 135 44 31 74 106 109 107 46 128 159 70 193 131 120 192 101 105 133 17 137 53 154 22 190 121 166 178 3 96 149 143 40 113 65 97 174
35 114 110 60 30 32 136 197 145 73 196 164 115 186 185 64 90 139 54 63 168 191 104 183 122 58 12 28 75 188 92 41 43 69 68 82 118 162 39 84 77 95 25 126 71 34 59 27 18 194 26 147 87 144 42 116 157 169 200 20 81 195 141 187 44 135 31 9 138 106 61 29 46 57 159 128 152 70 21 193 88 129 131 120 192 78 133 72 37 1 53 154 137 175 190 14 51 149 143 113 65 97 174 134
55 32 197 67 182 196 115 64 90 139 4 63 191 62 58 52 199 28 23 43 68 98 125 39 77 126 71 59 27 18 26 87 42 116 200 20 81 141 19 135 74 161 57 70 21 193 78 133 72 8 1 137 154 175 190 166 89 14 96 155 40 113 15 97 174 134
123 110 136 197 196 185 4 168 191 104 122 58 199 28 75 173 23 148 111 188 41 43 68 82 125 162 84 95 25 66 59 50 2 10 27 18 147 42 87 116 169 200 81 20 141 160 135 31 9 74 106 29 46 57 21 193 88 129 192 8 17 53 154 22 175 121 166 178 80 149 181 40 97
114 55 110 35 60 30 6 145 182 196 115 139 63 191 122 199 111 148 36 68 82 130 125 162 77 25 126 2 27 10 26 124 147 42 144 116 169 79 81 20 141 74 138 94 107 57 159 70 129 120 78 72 8 17 154 22 190 166 89 51 33 149 155 143 174 97
123 55 60 32 6 136 145 73 115 151 90 168 191 62 122 58 177 199 173 75 92 41 171 11 36 68 98 82 130 125 162 84 77 25 126 172 66 10 27 26 18 147 87 200 19 9 31 146 74 138 106 70 152 193 120 101 78 8 137 53 154 190 166 96 149 155 181 65 15 97 134
169 114 20 19 136 135 145 31 146 106 64 94 90 57 159 63 191 88 193 129 131 120 58 28 17 23 137 154 41 43 11 68 190 121 69 166 198 82 118 33 25 172 181 155 149 143 113 15 2 97 194 26 147 42 127 134
35 32 136 197 115 64 63 191 91 62 122 58 199 12 28 75 173 148 111 23 41 43 68 98 82 125 162 84 77 95 25 172 59 124 27 18 26 147 42 140 100 169 200 81 160 187 31 9 146 74 61 46 102 159 57 21 88 133 8 17 154 47 175 89 3 178 51 33 155 40 113 174 134
123 35 110 32 136 197 73 196 115 186 164 64 90 63 168 191 150 176 122 199 28 173 148 23 41 171 36 68 82 85 130 125 162 39 7 95 126 172 59 2 27 10 26 18 147 116 200 20 81 195 141 160 187 19 135 61 94 46 128 57 159 70 152 193 88 129 192 78 105 8 17 137 22 154 190 121 166 14 80 51 33 149 155 143 113 174 97 142
169 56 141 136 6 197 44 135 145 73 115 186 90 139 159 63 168 193 131 62 150 101 58 133 199 12 28 75 17 111 23 154 188 175 190 166 178 3 162 39 84 77 71 155 66 156 59 113 97 18 27 147
35 114 60 136 67 145 73 164 115 196 153 64 90 13 4 54 191 91 183 122 58 179 199 12 52 28 173 75 23 111 188 41 43 69 11 36 98 82 130 125 118 77 25 172 66 59 93 124 10 2 26 18 147 27 194 100 169 200 81 20 195 19 146 74 138 106 107 57 159 21 193 88 129 120 192 78 17 137 154 47 190 121 166 14 3 80 51 33 149 181 155 40 113 65 174 142 134
35 123 32 136 197 145 196 115 4 63 168 191 54 104 91 183 150 122 58 52 12 28 75 111 23 148 92 41 171 69 36 68 82 85 130 125 118 162 84 77 95 25 126 172 34 59 93 2 27 147 87 116 157 100 200 20 81 19 44 135 146 74 138 94 29 102 70 88 131 120 192 78 105 8 17 184 1 137 154 47 175 190 53 121 166 14 178 3 96 51 149 181 48 113 65 174 142
56 35 55 60 6 197 136 145 73 196 115 64 90 139 63 176 122 199 75 173 23 188 171 43 36 68 82 85 118 162 84 39 77 95 7 126 172 103 59 10 18 147 42 127 116 100 169 200 20 81 195 141 135 44 9 31 146 138 106 109 61 29 94 161 57 128 70 21 193 88 129 131 120 101 78 105 8 17 184 154 47 190 121 166 14 3 80 178 51 149 155 181 143 40 113 65 174 97 134
55 114 30 32 136 197 6 145 73 196 115 164 64 90 139 4 86 168 191 150 122 58 52 199 28 173 23 188 92 41 43 68 36 98 85 130 39 25 126 172 71 103 59 10 27 26 167 42 144 87 100 169 200 195 141 160 19 135 146 74 106 94 46 102 128 193 88 129 131 192 101 184 17 137 154 175 121 166 80 96 51 149 155 40 113 65 174
134 110 60 19 6 197 136 135 145 44 164 74 106 185 109 161 90 102 128 159 152 193 88 129 104 91 120 192 122 58 199 173 8 23 111 154 53 175 43 190 36 121 82 89 14 118 162 39 84 25 126 181 155 103 143 156 59 113 65 10 26 142 140 116 100
35 30 32 136 197 73 64 4 168 62 58 52 199 179 75 173 111 148 188 92 41 43 11 68 36 98 82 130 162 84 39 77 126 2 18 167 42 144 132 116 157 127 169 200 140 81 79 195 147 100 19 135 9 74 138 106 46 128 159 152 193 129 131 120 101 78 105 8 184 1 22 154 190 121 166 89 14 80 178 96 51 33 149 181 155 65 97 142
60 30 6 164 115 153 112 90 139 4 168 104 179 111 41 171 69 39 77 126 172 71 59 124 27 10 26 116 200 81 195 141 135 138 161 57 152 129 120 8 37 1 137 22 154 190 33 40 174 165 55 136 197 145 196 191 91 62 176 122 28 173 148 92 36 98 118 162 84 25 18 194 147 42 87 140 169 160 19 44 31 146 106 29 102 128 70 21 193 163 131 192 101 105 53 47 175 166 80 51 149 181 97
35 55 30 6 136 145 73 196 115 186 151 90 139 54 191 183 158 122 58 199 28 75 173 23 111 188 92 41 43 69 36 68 98 85 118 84 77 95 25 126 172 66 156 76 34 59 2 18 147 79 81 141 160 19 135 9 74 138 106 61 46 128 57 21 88 129 78 184 22 47 190 121 166 14 80 178 96 51 149 155 40 113 65 174 97
35 55 123 114 30 32 136 145 73 182 196 115 186 112 164 64 63 168 191 54 62 122 52 199 179 28 173 75 23 111 188 43 36 68 98 82 130 125 162 84 77 7 25 172 103 76 156 59 124 27 18 26 147 42 140 100 169 200 16 81 195 141 160 187 135 9 31 74 138 106 57 128 70 21 193 88 131 120 192 101 17 137 175 190 121 14 3 178 96 80 51 33 149 181 155 143 113 65 174 97
55 60 136 197 6 145 182 196 115 112 185 64 90 4 168 191 183 176 122 179 199 12 28 75 111 23 188 92 41 43 69 68 36 148 162 39 84 95 25 126 66 103 34 59 2 10 18 27 147 42 132 100 169 200 16 20 195 19 135 44 31 9 146 74 106 29 21 193 88 192 78 105 8 17 1 137 22 154 175 190 47 99 121 14 3 80 96 51 149 155 143 113 65 174
200 35 55 19 31 182 106 102 159 128 168 129 104 62 120 78 122 28 184 173 111 148 188 154 23 36 82 198 166 162 51 77 33 149 172 65 194 167 42 140
35 55 30 32 145 196 115 90 139 4 63 191 62 122 58 75 148 23 188 92 171 43 68 36 11 118 119 39 84 77 25 126 71 103 76 34 59 27 10 26 147 87 42 100 200 81 141 160 187 19 49 31 9 146 74 138 161 57 159 70 193 88 129 120 192 101 72 8 17 137 22 154 47 121 14 178 51 149 181 113 174 97
56 35 55 30 136 197 6 145 164 90 139 63 191 104 91 183 122 179 177 12 199 28 75 173 148 111 188 11 68 36 98 82 119 162 39 84 77 95 126 172 27 18 194 42 140 100 20 81 195 160 19 44 31 9 138 109 29 46 128 57 70 88 131 192 101 78 72 8 17 184 1 22 154 47 190 166 89 14 178 51 33 149 155 181 113 65 97
35 55 114 60 32 136 145 73 164 115 186 90 139 191 104 122 58 179 52 199 12 28 75 23 111 188 92 41 43 69 68 36 98 82 130 162 39 77 95 25 126 172 103 10 18 26 27 147 127 116 200 81 20 195 141 19 44 135 9 74 106 109 46 57 102 21 193 88 129 131 192 101 105 8 137 53 154 22 190 121 166 14 3 178 96 80 149 155 143 113 65 174 97 142 134
114 35 30 136 6 145 73 115 186 185 64 139 63 191 104 62 183 122 58 199 28 75 23 111 188 148 92 11 36 69 82 125 25 59 50 27 18 26 194 116 100 200 195 141 160 19 135 74 138 109 94 29 46 102 70 129 192 101 78 184 137 190 166 89 14 155 174 97 142
123 55 35 114 197 45 145 196 115 185 64 139 168 191 104 62 122 58 177 199 75 173 148 92 43 69 68 36 82 130 118 39 77 95 2 27 18 26 147 167 116 157 140 169 200 100 20 160 19 135 146 74 138 107 46 128 57 70 21 193 88 129 131 120 192 105 137 53 1 47 22 190 121 166 89 14 80 178 96 51 33 149 143 113 15 97
123 55 114 110 30 32 6 136 73 196 115 64 90 139 63 191 91 62 122 58 28 75 111 23 41 43 171 68 36 82 85 130 125 118 162 39 77 95 172 103 59 27 18 26 147 167 87 42 116 157 169 200 20 141 19 135 44 31 146 138 106 94 107 128 57 102 70 131 120 192 101 78 105 72 184 17 154 190 121 166 198 14 80 178 33 149 155 143 48 113 65 174 97 134
78 200 35 122 105 195 199 28 8 17 111 22 175 197 145 68 82 146 14 178 162 77 25 126 172 156 128 57 59 4 2 194 147 62 131
79 123 81 60 32 197 145 135 146 74 164 106 64 90 139 102 70 63 191 193 129 88 131 120 78 105 58 179 28 8 173 23 53 41 190 11 68 36 14 130 3 96 33 126 172 155 149 65 97 26 147 42 116
200 55 20 195 141 32 136 74 115 138 106 70 4 54 91 131 183 58 179 199 28 184 75 53 154 188 41 11 68 36 178 96 51 77 149 59 34 124 174 147 142 116
55 136 31 196 74 138 106 128 159 4 191 129 62 58 179 12 148 43 190 121 166 89 130 178 77 149 181 172 59 15 97 18 194 26 142
200 114 35 195 19 32 136 197 135 145 146 74 115 196 107 90 139 57 54 88 129 122 58 8 75 154 92 41 171 190 69 11 121 82 130 125 178 80 51 39 162 95 181 59 174 27 26 18 42 87 116
123 30 6 197 145 73 115 185 64 90 139 54 62 58 199 28 75 23 188 41 69 68 82 130 118 84 95 25 126 71 2 27 18 87 42 116 200 16 20 195 160 44 135 74 138 106 109 94 29 161 57 128 70 193 163 131 192 78 105 8 1 22 154 190 121 166 3 80 51 33 149 181 143 48 15 174
55 35 110 6 136 73 115 112 4 168 104 91 122 177 52 23 111 188 148 41 69 82 125 162 84 77 25 172 71 76 27 10 26 79 81 160 19 44 106 109 61 94 29 161 46 128 57 159 21 193 38 129 88 131 78 105 8 17 1 154 190 166 14 3 51 33 149 181 113 97 142
56 35 114 55 123 110 30 32 6 197 145 73 196 115 139 4 63 168 191 91 62 58 179 52 28 75 148 111 188 92 23 171 36 68 98 82 85 130 125 162 77 25 126 103 76 124 2 18 26 10 147 87 27 132 116 100 169 200 79 195 160 19 135 146 74 138 106 109 161 57 159 70 21 193 120 192 101 78 105 184 8 137 53 22 154 190 166 89 14 3 178 51 149 40 97 174 142
55 114 123 30 136 197 145 115 64 151 63 168 191 177 28 173 148 188 92 41 43 36 82 125 162 95 25 126 172 71 34 124 27 18 26 147 42 144 87 140 116 169 200 81 195 19 9 61 128 70 193 129 120 101 105 1 154 22 190 121 198 166 14 80 3 178 149 155 113 65 15 97 174 142
200 35 114 30 19 32 197 145 9 138 106 29 90 128 54 91 120 192 101 122 58 199 12 75 8 137 111 154 92 175 43 41 1 121 166 82 14 89 178 130 51 95 33 149 59 65 27 97 194 142
169 35 30 19 6 197 136 145 196 115 138 112 106 61 161 90 139 152 4 86 54 191 88 104 91 62 131 192 150 122 58 179 199 8 75 17 23 154 41 190 68 36 121 89 14 80 178 77 95 25 126 172 181 155 59 2 10 174 27 194 26 42 87 142 100
60 30 32 196 115 151 90 4 54 86 191 58 199 12 28 75 173 111 23 188 92 41 43 36 68 130 125 162 39 84 77 25 172 66 27 18 26 194 147 42 127 116 100 140 169 200 195 160 19 135 31 146 74 106 29 161 46 57 159 102 70 21 88 131 120 101 78 105 8 137 53 22 47 154 190 121 14 80 51 33 149 181 113 65 174 97 142
56 35 123 55 114 60 67 197 182 196 115 90 139 168 191 104 91 62 183 150 122 58 52 28 75 173 23 148 188 92 41 43 36 98 82 118 119 39 95 25 126 172 103 156 59 2 27 124 26 42 87 127 116 100 200 195 141 160 19 187 135 74 106 29 94 161 102 159 128 70 57 21 193 88 129 131 120 78 105 184 17 8 137 22 47 154 190 121 166 80 178 51 33 155 40 48 97
114 81 20 123 60 197 135 44 196 74 115 106 151 90 102 159 152 13 4 21 168 191 38 70 54 91 120 192 101 58 199 8 75 23 111 154 92 43 171 166 14 118 80 162 51 172 155 76 93 59 15 113 174 97 147 42
35 60 32 136 197 145 73 186 112 64 90 139 13 191 104 122 179 177 75 111 23 188 92 171 43 68 69 98 36 82 130 119 162 39 84 77 126 172 26 147 42 116 100 169 200 195 160 19 44 146 74 161 102 70 193 131 192 101 78 8 37 137 154 121 89 14 80 178 96 51 33 155 181 174 97
114 35 110 6 197 45 145 73 196 115 164 185 64 139 54 63 191 168 104 91 62 122 58 52 179 28 173 75 111 188 92 41 171 69 36 11 82 125 39 77 95 25 172 66 76 93 34 59 124 10 27 26 167 42 127 140 200 79 195 141 160 135 9 74 109 29 94 161 107 102 57 159 70 21 193 88 131 120 192 78 8 37 190 121 14 3 178 96 149 155 143 113 65 97 174 142 134
35 55 30 32 6 136 197 145 73 196 164 64 90 139 4 63 191 104 58 52 179 199 28 173 75 188 171 68 36 130 162 84 77 25 27 18 26 147 116 100 169 200 81 195 19 109 94 128 57 70 152 193 88 129 120 192 78 17 154 190 14 3 51 149 155 181 40 65 174 97 142
56 35 6 197 145 196 64 90 139 4 122 58 179 199 111 188 92 36 98 118 162 95 25 71 66 103 59 2 27 42 87 116 157 20 195 19 187 135 31 9 146 161 57 159 128 21 38 129 88 131 192 101 105 53 154 47 121 166 178 155 181 48 113 65 134
55 20 81 30 141 49 136 197 145 135 115 64 46 90 57 159 70 152 21 54 168 88 62 120 131 192 101 78 122 199 75 184 148 53 22 188 92 190 36 82 89 118 178 80 162 51 77 25 126 181 103 59 113 15 10 27 174 18 100
56 55 35 81 200 123 60 196 106 109 64 161 46 70 4 63 191 88 104 62 192 105 58 177 28 173 184 37 154 43 82 89 166 96 95 143 194 144 142
123 60 30 6 197 196 115 112 185 151 90 139 63 86 191 104 183 122 58 179 177 75 148 23 188 171 43 68 36 82 130 162 77 126 172 66 59 34 93 2 27 18 26 124 147 42 10 132 116 157 140 169 200 81 141 160 19 135 9 74 106 94 161 57 102 159 128 21 193 88 129 131 78 105 8 17 137 53 154 190 121 166 14 33 149 40 113 97 174
123 55 60 30 32 136 67 45 145 197 73 196 164 115 151 90 139 86 168 191 54 62 183 158 150 122 58 179 199 75 23 188 68 82 118 125 119 162 39 84 77 126 59 124 27 18 26 194 147 87 2 116 81 195 141 160 135 146 138 106 94 161 102 57 70 21 88 129 192 8 184 137 53 175 190 121 166 89 14 178 96 33 181 143 65 174 97 142
55 35 60 136 197 6 145 73 90 139 168 62 183 158 150 122 58 52 173 75 111 23 43 36 68 82 125 162 84 39 25 126 172 103 59 18 26 147 87 42 127 169 200 141 160 19 187 135 31 138 29 161 128 159 70 21 193 129 131 78 105 72 8 17 53 154 47 190 166 14 3 51 149 155 40 113 65 174 97
35 60 32 136 197 6 145 196 115 64 54 168 63 183 58 52 173 75 188 92 41 43 11 36 98 82 125 162 39 77 95 25 126 172 156 59 124 10 27 26 18 167 87 144 20 81 141 160 135 74 138 106 94 161 46 102 57 128 70 21 193 129 120 101 105 8 184 22 47 175 190 121 166 178 80 96 51 155 40 113 65 174 97 142
81 60 30 187 32 31 138 112 109 46 159 70 4 63 193 38 129 62 183 78 122 199 75 184 173 111 17 154 190 69 36 98 82 14 84 95 25 126 149 181 172 156 113 65 174 26 147 167 144
55 60 30 32 136 197 145 73 196 185 64 90 139 63 54 191 168 104 91 62 122 58 52 199 179 28 23 111 188 41 171 11 68 98 84 39 172 59 124 27 26 87 42 140 100 169 200 16 81 20 195 141 160 49 44 9 31 146 74 106 61 161 57 102 70 163 131 192 101 78 8 137 154 121 166 89 80 96 33 149 113 174 134
56 35 60 32 197 145 196 115 186 64 168 191 183 58 199 173 75 23 111 188 92 41 43 68 36 82 118 125 84 25 71 93 59 124 27 18 26 147 42 87 127 200 81 141 160 19 135 74 138 102 70 152 21 193 129 120 192 101 78 105 184 17 137 53 154 175 190 166 89 14 80 51 149 181 65 174 142 134
169 123 81 35 195 60 19 6 197 44 135 31 73 74 115 106 90 102 159 70 54 191 88 62 120 122 58 72 8 111 154 188 43 68 89 14 80 162 39 51 95 33 25 172 103 76 2 27 18 26 10 174 87 132 100
35 114 123 6 67 145 73 115 64 90 139 4 191 62 58 52 179 173 75 148 111 188 92 43 68 82 118 162 39 77 95 126 172 71 124 18 194 26 147 87 100 200 81 195 160 31 146 138 61 94 152 193 129 120 78 105 184 1 154 190 121 166 14 178 51 149 155 40 97 174
56 114 60 6 197 136 145 73 164 115 64 139 63 168 183 150 58 28 75 111 188 92 68 98 82 162 39 77 95 25 126 172 103 34 59 124 27 194 26 147 87 42 100 169 200 141 19 135 138 94 46 128 193 88 129 120 192 105 8 17 137 22 47 121 89 96 33 155 181 65 15 97 174 134
35 60 30 182 115 185 90 139 104 52 75 23 41 171 43 69 82 130 39 77 172 156 2 27 10 26 116 200 79 20 195 135 9 138 109 161 129 120 78 72 8 1 154 190 121 14 33 113 174 136 197 145 196 54 91 150 122 58 199 28 188 36 98 118 162 84 25 93 18 147 87 167 132 140 169 19 44 74 29 94 102 128 70 21 193 105 47 175 166 178 3 96 51 80 149 155 143 15 97
169 5 200 30 141 32 197 196 115 106 128 70 63 21 86 168 129 104 192 150 78 58 72 8 75 17 154 41 82 14 178 80 39 77 126 172 103 34 113 10 147 140 100
