200 100
5 114 30 32 117 197 182 186 185 64 151 90 4 13 86 54 191 104 183 158 176 58 179 199 28 111 92 41 171 11 130 125 119 118 77 95 25 108 71 76 103 59 34 93 42 127 157 100 200 16 20 195 19 187 44 9 189 74 29 161 107 57 159 102 21 193 38 120 192 105 133 72 24 8 184 1 137 22 47 175 190 166 14 80 51 155 181 165 134
5 56 114 55 110 60 30 32 6 197 117 115 186 112 151 139 13 4 63 191 183 158 58 177 199 52 28 75 43 130 125 118 162 39 77 7 25 108 71 66 93 59 27 18 167 42 100 157 200 195 141 19 49 9 146 74 29 94 107 57 128 38 129 88 131 120 192 105 72 24 8 53 47 89 14 51 155 181 15 134
5 56 114 123 32 6 197 117 145 186 112 185 64 151 90 13 4 54 191 91 183 179 199 12 177 75 173 188 92 43 69 118 119 130 125 25 126 108 76 156 103 59 50 93 34 27 167 42 132 116 200 141 19 187 135 44 9 146 189 74 106 94 29 107 159 170 193 88 120 192 101 105 8 47 175 121 3 51 181 155 65
56 35 16 195 60 30 141 19 187 49 117 45 189 146 115 153 106 109 29 151 107 90 159 21 54 193 88 63 86 131 183 192 78 122 177 199 75 17 8 1 175 171 43 85 118 178 3 162 77 7 108 76 103 59 113 167 165 42
5 56 114 35 110 30 32 117 45 115 186 112 185 64 151 90 4 13 86 168 54 104 183 176 122 58 199 75 43 171 98 118 77 7 25 108 71 66 156 103 93 59 26 167 42 127 100 195 141 160 19 187 9 189 74 106 109 94 161 107 128 102 57 159 21 193 129 120 192 78 72 24 8 17 83 47 175 80 96 155 165 134
5 56 55 110 30 6 117 45 145 186 112 185 139 63 86 191 62 183 158 58 177 199 28 75 111 43 171 36 125 84 7 25 71 93 34 27 42 132 116 200 81 195 141 160 187 19 44 135 9 146 74 138 106 109 61 94 161 107 57 159 128 170 21 193 131 120 192 78 105 72 24 83 47 89 14 80 178 51 181 155 40 48 65 165 142
5 56 35 114 110 60 30 32 6 197 117 67 73 115 186 112 64 151 90 4 54 183 158 176 58 52 179 199 177 28 173 12 23 43 69 11 118 125 119 162 39 130 25 108 71 76 103 93 50 34 27 194 167 87 42 200 16 20 141 160 187 44 9 146 189 74 138 106 109 29 107 57 102 159 21 193 88 38 120 192 78 105 133 72 24 8 37 47 14 80 149 155 113 65 97 165 134
56 114 30 117 135 44 145 182 138 64 61 107 151 139 4 13 86 170 63 168 191 131 120 183 192 78 177 75 37 1 53 22 83 41 43 11 69 108 71 103 76 40 34 42 100
56 114 55 110 32 67 45 197 182 115 64 151 13 86 104 62 158 176 122 177 199 12 111 92 41 69 36 118 130 125 77 25 108 71 76 34 59 27 194 42 144 116 100 200 195 141 160 19 187 49 44 9 146 106 94 29 107 57 159 170 38 88 129 120 72 53 47 99 80 178 51 155 65 15 165 142
5 195 160 187 117 67 44 146 182 189 29 90 57 13 54 193 88 62 120 131 158 192 176 58 177 179 12 52 199 184 8 173 83 188 41 47 121 119 178 39 25 155 76 103 34 174 42 142 116
56 114 55 110 35 30 32 117 197 145 67 45 182 115 186 185 151 13 4 54 168 183 158 176 122 58 177 12 75 173 111 148 171 11 69 36 118 125 77 7 108 156 103 93 50 59 34 27 147 42 116 200 16 195 19 44 9 146 189 74 138 106 109 29 94 107 57 159 128 21 193 88 38 120 192 101 78 105 133 24 8 1 53 22 47 190 121 166 14 178 80 51 149 155 181 165 142 134
5 110 30 32 6 67 45 145 115 112 185 168 191 62 183 176 58 199 148 92 41 43 171 69 118 125 25 71 103 93 34 59 27 167 42 132 195 187 19 49 44 9 31 146 74 106 94 29 159 193 38 131 120 78 24 8 37 1 53 22 83 190 121 80 51 155 165 142 134
56 114 81 110 200 30 141 160 19 187 32 6 197 117 44 9 115 138 112 109 29 151 57 102 13 86 63 38 131 120 183 158 192 78 176 105 52 24 8 37 148 53 83 188 41 171 69 89 118 80 178 130 51 95 25 7 181 40 34 93 65 27 174 194 147 42 144 132 116 134
169 200 114 195 187 19 44 9 189 146 185 61 151 57 4 86 54 131 120 183 158 176 58 24 8 1 53 43 36 121 118 125 96 172 76 34 93 42 100
56 35 114 110 60 30 197 45 117 145 112 64 151 90 4 86 158 58 179 52 12 28 75 92 41 171 69 36 98 130 118 162 25 66 76 93 34 50 27 42 116 100 200 195 141 44 9 189 146 74 138 106 61 29 161 107 102 159 21 193 129 105 72 24 137 53 83 1 154 99 89 14 51 149 48 113
114 110 60 67 117 145 182 115 186 64 151 63 168 191 104 62 183 158 122 58 177 12 75 23 92 171 11 118 125 130 39 77 25 108 103 76 93 59 2 26 167 42 144 127 87 200 20 195 141 160 19 49 44 135 9 146 29 94 161 107 102 159 88 131 120 192 8 17 184 1 53 83 47 14 96 149 155 97 165 142
5 56 55 110 60 30 32 67 197 117 45 182 115 112 185 151 13 4 63 168 191 104 91 62 158 176 58 177 199 52 12 28 75 173 111 148 92 41 43 69 171 11 98 82 85 130 125 118 84 77 95 25 108 156 34 93 27 26 144 132 157 200 16 20 187 19 49 135 44 9 146 189 106 109 29 94 170 21 193 131 120 105 133 17 1 83 47 154 190 99 178 51 155 113 65 165 134
114 110 60 30 67 45 145 117 197 182 164 115 64 151 4 13 86 63 104 158 58 199 23 111 188 92 43 11 171 130 118 125 162 77 25 103 156 76 34 59 27 194 167 42 144 127 116 100 157 195 141 187 49 44 135 31 9 189 146 106 109 29 94 107 102 21 170 193 88 38 129 192 105 133 24 8 137 53 83 47 22 190 1 121 89 80 96 149 181 155 143 142
5 56 114 30 32 197 117 67 45 182 153 112 64 151 54 86 191 168 104 62 58 52 199 111 92 171 69 130 125 95 25 108 71 76 103 34 59 93 27 26 167 42 87 127 132 157 200 16 195 141 19 44 135 189 146 74 109 61 29 94 161 107 57 159 21 170 193 88 38 129 163 131 120 192 72 24 8 184 1 53 83 47 22 121 198 14 178 80 51 149 181 155 165
5 56 30 141 6 117 9 73 189 182 115 185 64 107 90 46 57 159 13 54 193 88 104 62 183 158 72 8 53 83 47 92 43 69 82 118 162 77 108 71 149 181 2 27 97 124 165 132 157
200 110 195 160 32 67 44 145 9 146 182 138 112 29 151 107 90 57 159 102 4 21 63 193 62 131 101 78 58 177 199 52 24 75 8 1 83 92 47 171 190 121 14 130 119 125 51 149 155 181 108 71 76 34 113 2 27 124 26 42 165
56 35 110 30 67 73 182 115 186 64 90 139 4 86 104 183 177 179 52 12 75 41 43 130 77 66 156 103 59 27 127 116 100 200 20 195 141 135 9 189 109 46 57 170 88 129 120 78 133 184 8 83 121 14 165 5 114 32 197 117 145 151 54 191 158 176 58 199 28 92 118 7 25 76 34 93 167 42 87 132 157 19 44 146 74 106 61 29 94 159 21 193 131 192 105 17 53 175 80 178 149 181 143 65 134
5 110 30 32 197 117 145 45 182 186 112 64 90 4 13 63 86 191 62 183 158 58 177 52 179 28 75 148 188 92 41 43 118 130 77 25 71 66 103 76 93 27 132 116 100 200 195 141 19 187 49 9 146 189 74 138 106 109 61 107 102 159 193 88 129 131 120 105 133 8 37 53 154 47 121 14 3 51 181 155 165 142 134
56 35 114 110 60 30 6 117 45 145 182 112 185 64 90 4 13 63 54 191 168 91 62 183 158 176 58 199 28 75 23 148 92 69 118 119 84 95 25 7 108 66 103 76 59 34 93 27 167 42 87 116 100 16 20 141 160 19 187 44 9 189 146 138 106 94 107 102 159 170 21 193 88 38 131 120 192 78 105 184 17 8 1 53 22 47 175 190 121 198 89 166 178 80 51 149 181 65 97 165
5 56 114 55 110 32 6 145 73 182 115 153 112 185 64 151 4 13 54 86 91 62 183 158 176 122 58 52 177 12 199 179 92 171 43 36 118 119 130 84 77 7 25 108 71 66 156 76 93 50 59 167 87 42 116 100 195 160 44 146 189 74 106 61 29 94 107 102 128 159 21 38 88 131 192 78 105 72 24 184 17 1 53 83 47 99 121 166 14 80 178 51 155 181 65 165
114 32 117 67 145 197 45 182 153 186 115 64 90 139 4 63 54 191 168 86 91 158 122 58 177 199 52 12 173 75 92 11 36 98 130 125 77 108 71 103 76 59 93 34 27 26 167 42 132 100 157 200 195 141 19 9 189 106 109 94 29 107 57 159 102 21 129 120 192 101 78 105 8 83 175 190 121 178 80 96 149 155 48 113 165 142 134
5 56 114 35 110 30 32 67 45 117 145 197 182 112 64 151 90 139 13 86 168 63 54 191 104 158 176 177 75 173 43 171 11 130 118 119 7 95 25 108 66 76 103 59 34 10 26 167 42 144 127 116 200 195 160 19 187 44 135 146 189 29 94 107 102 128 170 193 88 38 131 192 78 105 72 24 8 17 184 137 53 83 47 175 121 198 89 14 80 51 149 155 65 97 134
55 114 110 30 6 197 117 145 153 186 112 185 64 115 151 90 139 13 4 63 54 191 168 158 177 179 52 28 111 148 23 92 41 43 171 11 82 118 162 84 39 95 25 71 103 76 156 59 34 93 2 27 194 42 144 132 100 20 195 141 19 49 44 9 146 189 74 138 109 94 57 128 170 193 129 131 78 105 184 17 1 53 83 47 99 121 166 14 80 51 155 40 97 165 142 134
5 56 123 16 30 67 9 189 182 112 61 90 102 54 170 193 86 129 183 192 105 52 28 8 1 83 47 175 11 99 130 108 71 149 66 156 2 100
114 195 30 32 67 117 73 146 106 64 107 139 4 191 104 131 120 183 158 58 52 24 111 1 188 171 69 68 125 25 126 149 155 108 66 59 93 87 42 134
5 56 110 60 30 32 6 117 45 197 145 73 182 64 151 13 4 54 63 191 158 122 58 75 173 92 171 11 43 85 118 125 130 25 108 59 167 200 20 141 187 49 44 9 146 138 106 109 61 94 29 107 128 159 193 88 129 131 120 192 78 133 24 184 17 1 83 47 175 190 121 3 181 165 134
134 56 55 16 110 195 114 200 49 67 9 189 182 138 106 185 29 161 151 13 86 63 193 131 183 176 122 133 179 72 8 17 37 92 47 171 36 89 130 3 80 119 95 149 108 155 59 34 65 93 113 27 144 132 157 100
56 55 60 30 67 45 186 64 4 86 168 158 176 58 52 179 28 111 23 171 43 36 11 82 118 119 125 77 95 7 108 71 66 156 76 103 34 93 59 194 167 147 42 200 20 195 160 19 187 135 9 189 109 29 94 161 107 170 193 88 38 192 78 105 72 24 8 17 1 53 47 175 121 80 149 155 181 113 65 165 142 134
56 114 55 123 30 117 45 145 197 67 186 185 151 4 54 86 191 104 91 62 183 158 176 58 177 199 28 75 92 41 171 69 43 85 130 119 118 84 39 77 95 25 71 103 156 59 93 34 167 42 132 157 200 79 195 141 160 187 49 44 135 9 189 146 74 138 107 102 159 21 170 193 88 131 120 192 133 72 184 17 8 137 1 83 175 80 51 155 181 40 134
56 114 55 110 60 32 197 45 182 115 185 151 139 86 63 183 158 176 122 52 12 28 23 171 43 36 68 118 119 130 162 77 7 25 108 71 76 156 59 34 26 194 147 42 100 16 195 141 187 19 44 135 9 189 74 138 57 159 128 21 131 192 78 8 137 83 175 121 14 80 149 181 155 97 165 142 134
56 55 30 32 6 197 45 67 145 182 112 64 151 90 139 13 4 63 86 191 54 168 104 62 183 158 176 58 177 75 23 171 130 125 118 25 108 71 76 103 93 50 34 27 42 144 127 132 100 157 200 195 141 160 19 187 44 9 146 189 74 138 109 61 29 94 128 57 159 21 170 193 88 129 131 192 78 105 24 8 17 53 22 83 121 14 3 181 155 113 15 97 165 134
5 56 114 35 110 32 197 45 145 117 182 164 115 112 64 151 90 139 4 13 54 168 86 63 191 104 62 176 28 173 23 111 92 43 69 171 36 125 77 95 25 126 108 71 156 76 34 59 26 167 42 132 116 100 157 20 141 160 187 19 49 135 44 9 189 146 74 106 109 29 107 128 102 170 21 193 88 129 131 120 192 105 24 8 17 1 53 47 99 3 178 80 51 149 155 181 40 65 15 165 142 134
5 56 55 110 30 32 197 67 117 45 182 196 186 112 64 151 90 139 4 63 54 168 62 183 158 176 58 52 12 28 75 23 92 171 69 11 43 85 130 119 118 25 108 76 34 93 59 27 26 167 87 127 116 100 132 200 195 141 160 19 187 44 135 9 31 189 74 138 106 94 29 107 102 159 170 21 88 131 120 192 78 105 8 17 137 53 47 89 14 181 97
56 110 30 67 73 182 115 186 185 64 4 13 86 168 104 183 52 75 111 41 43 130 125 77 108 156 103 59 27 26 127 200 20 195 141 187 135 9 189 109 161 107 57 170 129 120 78 133 72 24 8 184 1 22 99 14 40 113 174 165 142 5 114 32 197 45 145 151 63 54 191 91 158 176 122 58 92 98 162 95 25 76 34 93 147 42 167 132 16 160 49 44 106 61 94 159 21 193 131 105 17 53 47 89 178 51 149 155 181
35 32 67 45 145 182 64 90 13 63 54 86 104 183 52 177 28 148 23 92 41 43 69 171 118 84 25 126 108 103 34 93 194 26 167 42 132 116 200 20 195 141 187 49 9 146 106 109 29 94 159 170 193 88 131 192 78 105 17 53 83 22 121 3 178 149 181 48 15 134
56 114 55 30 32 6 197 67 145 182 196 115 112 185 64 151 90 139 4 63 168 54 191 86 183 158 150 52 199 173 75 111 23 188 41 171 43 36 130 125 119 118 77 25 66 76 103 59 34 93 10 147 167 87 132 116 127 157 42 200 20 195 141 160 19 44 9 146 189 106 109 61 29 94 161 107 57 159 102 21 193 38 131 120 192 78 105 72 24 1 53 83 190 121 14 3 178 149 155 181 40 113 15 165 134
55 110 30 112 151 90 4 13 86 62 58 177 173 111 23 92 68 85 118 84 77 108 71 76 103 34 93 42 127 100 16 195 141 187 49 44 9 189 146 74 109 94 29 161 57 193 192 78 72 24 8 17 53 47 190 121 14 3 178 80 51 149 97 165 142
56 35 110 60 32 45 145 73 185 64 90 139 4 13 63 86 104 176 52 199 179 28 75 111 92 41 68 118 119 130 7 76 156 93 34 59 27 26 42 16 20 141 160 187 19 44 146 74 138 94 57 159 38 129 192 105 24 8 1 53 83 47 190 99 121 14 80 149 181 155 97 165
55 114 110 60 6 67 197 145 45 182 115 112 64 151 4 54 63 191 86 91 62 183 158 176 58 177 52 12 199 92 130 119 118 162 25 126 108 76 34 50 59 93 27 147 42 167 100 200 195 141 160 187 19 44 9 146 74 138 106 94 29 107 102 57 159 21 193 88 131 120 192 78 105 133 24 184 8 53 47 89 14 3 80 96 181 165 142
5 55 114 110 32 6 117 197 145 182 115 185 64 151 90 13 4 86 54 168 158 176 58 28 75 111 92 41 11 36 98 82 118 39 77 95 25 7 108 71 76 156 27 167 42 147 169 141 160 19 44 9 189 74 138 106 94 29 107 102 159 57 170 193 131 120 78 72 24 17 37 1 83 190 89 14 80 3 51 149 155 40 165 142
200 114 60 160 187 197 44 9 146 189 182 115 186 109 64 185 29 161 90 139 102 128 70 152 63 54 193 21 168 104 191 131 62 183 86 192 176 12 37 111 1 53 92 43 190 171 99 89 3 39 51 95 25 108 155 143 76 59 113 15 50 167 87 42 142 165 100 134
55 110 30 45 145 182 186 151 86 63 168 54 62 183 158 150 176 58 177 75 23 92 41 171 11 98 118 130 125 119 39 84 25 108 156 93 34 167 42 200 16 49 135 44 189 109 94 107 102 57 21 193 88 129 120 192 78 72 17 1 53 83 190 121 178 3 51 181 134
200 55 16 110 195 160 19 32 45 31 189 138 64 90 139 159 13 54 86 193 38 129 88 183 158 105 58 199 184 17 111 92 41 171 14 130 125 7 149 155 103 76 113 42 142 132
56 55 114 110 35 60 6 67 45 145 117 115 186 112 185 64 151 90 13 4 63 86 191 54 62 158 58 177 52 75 23 92 171 69 43 82 118 130 77 95 25 108 172 103 76 156 50 2 147 42 87 132 116 157 200 20 81 195 141 160 44 9 146 74 138 106 61 29 107 102 159 170 21 38 129 88 131 192 78 105 133 24 184 8 37 1 137 53 47 83 190 99 121 89 14 178 80 51 149 155 181 142
110 60 6 67 182 115 186 185 64 13 86 104 177 52 12 75 23 41 171 69 85 130 119 77 108 66 103 156 26 144 116 100 200 20 81 195 141 187 135 9 189 138 107 129 120 78 24 184 83 190 14 5 114 32 197 45 145 117 151 54 191 62 158 176 122 58 199 28 92 36 118 7 76 93 34 194 147 42 167 132 87 160 19 44 146 74 61 102 70 21 193 131 192 105 53 47 175 89 3 51 149 155
56 114 55 30 32 6 117 45 145 67 182 64 151 4 13 63 191 62 183 158 176 52 199 12 75 23 148 85 118 125 130 119 25 108 71 103 50 2 116 100 200 20 195 19 187 44 9 189 74 106 109 61 29 94 107 102 159 57 193 38 88 131 192 78 72 8 53 83 190 121 198 89 14 166 80 178 96 51 149 181 40 113 97 165 134
55 114 16 195 141 160 187 117 67 145 135 9 44 182 74 186 106 185 138 61 151 90 139 57 159 102 4 170 21 193 191 129 63 168 120 183 192 78 105 75 184 23 148 22 92 43 130 80 3 39 51 149 108 34 50 113 59 2 174 42 142 116
56 114 55 67 112 90 139 4 13 86 191 104 183 158 176 58 179 199 177 52 28 75 148 92 11 118 119 84 39 95 71 66 93 34 27 147 167 42 116 157 200 16 195 141 160 19 44 74 106 29 161 159 21 88 129 120 192 105 8 83 47 175 89 14 80 3 51 155 181 15 165
55 60 6 197 117 45 182 185 151 90 139 4 13 63 86 91 183 158 176 122 177 199 28 23 148 111 171 43 130 125 77 7 108 71 66 103 93 10 194 167 42 195 160 187 19 44 146 106 109 107 57 21 193 131 105 17 53 22 47 190 121 198 89 14 3 80 51 149 181 40 65
5 114 110 32 197 117 45 145 196 115 186 112 151 13 63 54 191 158 122 52 177 12 92 41 43 69 118 125 130 84 77 95 25 108 71 66 76 103 34 93 59 10 194 167 42 200 20 195 141 160 19 187 9 189 74 138 94 57 159 193 129 131 78 105 8 1 53 47 121 166 14 3 80 51 149 181 113 97 134
5 56 55 30 32 67 117 197 145 45 186 185 64 151 90 139 13 4 63 54 191 168 104 91 62 183 122 58 52 179 199 28 173 75 23 92 130 125 118 39 77 7 25 95 126 71 66 76 156 103 93 59 34 27 26 167 157 200 79 20 16 195 141 187 49 135 44 9 31 189 138 106 109 29 94 107 102 57 21 193 129 131 192 78 105 72 8 184 1 53 83 175 89 80 178 3 51 149 181 155 40 65 97 142 134
5 123 114 30 32 6 67 117 145 115 112 185 64 151 13 4 54 168 191 91 62 183 158 150 58 177 179 52 173 111 23 92 171 36 85 130 125 84 25 108 71 103 156 93 34 2 27 26 167 42 127 116 200 16 195 141 160 19 187 49 44 146 74 106 94 29 161 170 193 88 129 131 120 192 78 105 24 1 175 190 121 14 3 51 181 113 165 134
5 56 114 32 6 117 45 145 182 115 112 90 13 62 183 158 176 58 52 199 177 75 23 111 41 118 125 130 77 95 25 71 66 76 103 93 124 27 194 167 42 132 141 160 187 49 135 44 9 189 146 74 138 106 61 29 161 107 102 57 21 129 131 120 192 78 133 72 24 1 83 175 99 166 14 80 181 155 97 142 134
5 30 32 6 67 145 182 115 186 112 185 151 139 191 104 183 158 58 177 52 23 92 41 171 69 82 130 125 77 126 108 76 156 34 93 59 27 167 42 100 200 20 195 141 49 189 106 29 107 57 102 170 193 88 131 120 192 105 72 8 1 53 47 178 51 181 155 113 65 165 142 134
55 114 110 32 117 145 64 90 139 4 54 63 104 158 179 199 28 75 173 188 43 11 69 119 108 59 26 147 42 127 116 100 200 195 141 19 9 146 189 74 106 109 94 29 107 21 193 88 38 192 78 105 24 8 137 53 22 47 99 166 80 51 155 181 142
56 55 110 30 32 45 145 182 115 153 185 64 151 13 54 168 86 63 62 183 158 150 122 58 177 199 12 28 75 111 41 43 11 171 69 82 130 125 118 7 25 108 103 34 50 59 27 194 26 167 42 132 200 16 141 160 187 49 135 9 146 74 106 94 161 107 57 102 159 21 170 38 131 120 192 101 133 184 17 53 83 47 175 190 99 80 96 149 181 143 40 48 113 165 142
5 56 35 110 195 19 6 117 45 67 145 9 189 138 112 109 61 94 90 102 13 21 86 170 168 193 62 120 58 28 8 17 1 53 47 41 69 162 51 84 25 108 40 93 34 27 142 116 132 134
5 56 110 30 32 6 67 197 145 112 185 64 90 4 13 86 63 191 54 168 62 158 176 58 177 12 28 75 23 148 43 171 36 82 130 119 125 77 66 103 156 34 93 59 27 147 127 116 200 16 195 141 160 187 19 49 44 9 189 146 106 109 61 94 29 161 128 159 170 21 193 88 131 192 105 72 24 8 17 1 53 83 47 175 190 166 14 80 3 96 181 40 15 165 142 134
56 60 30 32 6 117 45 145 115 186 112 185 64 90 139 63 86 191 168 54 91 62 183 179 199 12 75 111 23 92 171 69 98 85 118 125 119 39 77 108 71 66 76 93 50 34 59 27 127 116 100 20 141 160 44 189 146 138 109 61 29 161 107 102 159 21 170 193 38 129 120 192 72 8 53 47 175 3 80 51 149 181 48 15 65 142 134
5 55 123 35 110 30 32 6 67 197 117 182 115 186 112 64 139 4 13 191 104 91 62 183 176 58 177 28 75 23 43 11 69 118 130 125 77 25 108 71 76 93 50 59 18 147 42 132 127 157 200 195 141 160 19 44 9 146 189 74 106 94 161 107 102 159 70 21 193 88 131 192 24 8 1 53 154 47 121 89 80 51 149 155 113 165 142
56 114 32 117 45 145 197 67 182 115 185 151 90 139 13 4 54 168 63 91 183 158 58 177 52 179 199 28 92 171 11 118 130 77 95 25 108 71 76 103 93 59 27 167 42 127 132 200 20 195 141 160 19 187 49 44 189 74 138 106 109 29 107 21 170 193 38 129 131 120 192 101 105 72 184 17 8 1 53 83 47 121 166 89 14 80 51 149 155 40 15
56 16 55 110 195 114 35 49 67 197 45 189 146 74 185 109 64 161 151 102 159 13 168 88 38 183 176 105 58 133 8 75 184 47 41 36 121 130 118 7 149 76 103 59 113 27
5 30 67 117 145 182 186 112 64 151 90 13 54 168 86 104 62 183 176 58 177 75 23 41 171 43 11 130 118 95 25 71 66 76 103 59 34 50 87 42 132 116 100 16 20 195 141 160 19 187 44 9 31 146 106 109 94 57 159 170 21 193 88 38 120 192 78 24 8 17 37 1 53 47 190 121 198 14 3 80 155 181 143 40 65 134
56 110 67 45 145 117 115 185 64 139 13 54 168 191 63 86 183 158 122 179 199 28 23 188 41 130 119 118 77 108 71 66 156 34 93 27 26 167 42 100 195 141 160 187 44 135 9 189 74 106 109 94 159 38 163 192 78 24 53 83 190 121 14 80 51 149 181 15 97 165 134
56 114 35 110 30 32 117 45 197 145 182 112 185 64 90 4 104 183 176 58 52 179 199 75 23 92 98 85 82 130 118 7 108 71 76 156 59 50 93 42 132 100 79 16 20 195 141 19 187 49 135 9 189 74 109 57 159 21 193 129 120 192 101 17 1 53 83 190 89 14 149 181 40 97 134
114 110 60 30 6 67 197 145 182 115 64 139 13 54 168 86 104 91 183 158 176 122 58 177 28 75 173 23 111 148 92 118 119 84 77 95 25 7 71 156 34 59 27 167 42 144 157 200 195 160 44 9 189 146 74 138 109 61 29 94 161 57 159 21 170 193 38 129 131 120 192 78 24 1 53 22 47 175 190 80 3 155 181 40 113 174 165 134
114 30 6 117 45 145 115 185 90 13 63 168 191 54 62 183 176 58 28 111 23 41 43 11 36 82 85 118 119 130 125 108 71 103 156 76 34 93 27 18 167 42 132 100 200 16 141 160 19 187 49 44 9 146 189 74 138 106 109 29 107 57 159 128 170 38 88 120 192 78 133 24 8 17 137 53 83 47 14 3 51 149 143 113 65 15 174 97 165 134
114 123 110 30 67 197 117 145 45 73 182 196 115 112 64 151 90 139 4 13 86 168 191 63 54 62 158 176 122 58 199 12 28 75 111 41 36 98 85 119 84 25 108 76 103 59 34 2 27 26 194 167 42 132 100 195 141 160 187 49 44 9 189 146 138 109 29 161 107 102 159 21 170 193 88 38 131 120 192 8 1 53 154 47 83 137 121 14 3 149 181 155 165 134
5 56 114 110 60 30 32 6 117 197 145 182 115 112 185 139 4 63 54 52 177 75 23 41 171 43 130 118 119 162 39 84 77 7 25 108 71 66 76 34 2 147 42 100 200 187 19 135 44 9 189 146 74 138 106 109 61 94 29 107 159 170 193 88 129 163 120 192 78 105 24 8 17 184 1 137 83 47 190 3 96 51 149 181 48 113 65 15 142 134
56 114 110 60 197 117 45 67 145 182 112 64 151 90 4 13 86 54 191 62 183 158 58 52 199 177 173 75 188 92 171 69 130 125 84 77 126 108 156 93 50 167 42 132 100 141 19 49 44 9 146 189 29 94 159 170 21 193 88 131 78 24 8 137 47 175 121 89 14 3 51 181 40 113 15 165 134
56 55 110 60 32 6 117 45 67 73 182 186 112 185 64 139 13 4 86 63 54 104 183 158 58 177 179 199 75 111 92 171 69 36 43 98 82 130 125 95 7 108 103 76 59 34 93 124 27 2 167 42 116 157 200 20 195 160 187 44 9 189 74 138 109 94 29 102 57 159 21 170 193 88 163 131 192 78 105 133 24 184 17 37 1 53 22 47 83 190 175 8 3 80 96 51 149 155 181 113 15 165 142
5 114 110 60 30 32 6 117 45 145 197 182 115 112 185 64 151 90 4 54 63 86 104 183 58 177 12 28 188 43 171 11 36 118 130 119 25 108 71 156 103 34 50 93 59 27 10 194 42 132 100 20 195 141 160 187 19 49 44 9 146 189 74 138 109 61 94 29 107 57 159 128 88 129 38 131 120 78 105 24 8 17 1 53 83 47 175 121 166 14 3 80 96 149 155 181 113 65 165 134
56 35 110 60 6 182 115 112 185 64 90 139 13 52 75 23 41 171 11 130 125 77 108 103 156 59 10 100 200 195 141 135 189 138 109 161 107 57 129 120 78 72 8 37 137 1 83 22 190 99 165 142 5 114 32 117 45 145 151 54 63 191 62 158 176 58 199 28 173 148 92 118 76 93 34 50 132 160 49 44 146 74 61 29 94 159 193 38 192 17 53 47 166 198 3 149 181 155 15
56 110 60 30 67 182 115 112 90 139 13 86 168 104 183 177 179 52 111 171 69 43 11 85 119 77 108 71 103 124 26 100 200 195 141 187 9 189 138 109 107 57 170 88 120 78 72 24 184 8 1 22 83 121 14 40 113 165 142 5 55 114 32 117 45 197 151 54 63 191 62 158 176 58 199 173 188 92 25 76 93 34 167 42 87 132 160 19 44 146 193 38 131 192 17 53 47 175 89 80 3 178 149 155 65 134
5 114 55 110 30 32 117 45 145 182 186 112 185 64 151 90 139 13 4 86 63 91 183 58 177 179 12 52 28 171 11 69 36 43 85 82 130 125 119 39 77 95 25 71 76 103 156 93 50 124 27 147 42 87 132 127 100 195 160 187 49 135 9 31 146 189 138 106 109 29 102 159 128 152 193 88 129 120 78 8 1 83 47 175 89 14 3 51 149 40 15 97 142
56 114 110 60 30 67 117 145 185 151 90 4 63 191 104 58 177 12 23 148 43 11 98 130 77 108 103 76 34 42 144 100 20 195 141 19 187 49 44 9 146 189 138 109 61 94 29 102 193 88 129 38 120 192 72 24 17 53 47 190 99 121 14 80 51 155 113 165
56 114 195 60 117 45 44 31 9 146 138 106 186 94 151 128 159 4 63 54 191 193 38 104 62 131 120 192 158 78 176 105 24 28 8 184 1 53 148 47 175 92 83 36 166 80 162 51 77 108 71 149 103 59 113 34 167 42 132
114 55 110 60 30 32 197 67 145 117 182 64 151 90 13 4 54 168 86 191 104 62 183 158 58 28 148 23 92 171 11 119 25 108 71 66 76 156 103 93 27 26 167 42 132 116 100 127 20 195 141 160 187 19 49 9 138 106 109 94 29 159 170 21 193 131 120 192 8 17 137 53 83 175 190 121 166 14 178 80 3 149 181 65 165
55 110 195 160 49 117 45 146 182 186 106 109 64 138 94 151 46 102 57 4 13 21 168 38 88 104 62 192 176 78 105 24 28 184 53 154 92 171 68 121 85 14 118 84 95 25 149 181 76 59 50 194 147 42 167 127 132 144
56 114 55 110 60 30 32 67 117 145 45 197 182 115 186 112 64 151 13 4 86 54 62 183 158 52 177 173 92 43 11 69 118 130 71 76 103 50 124 27 42 144 132 100 200 20 195 187 31 189 74 106 61 94 107 57 159 128 170 88 129 38 120 192 78 72 24 184 37 1 53 83 47 175 190 22 121 14 3 149 181 155 113 65 165 134
5 20 141 67 45 44 9 196 138 112 107 151 159 4 63 86 54 191 131 120 176 78 105 177 199 12 28 8 137 111 53 92 99 198 82 96 51 108 181 34 2 42 144 142 127
140 56 20 195 30 141 160 19 117 45 44 31 189 182 115 138 106 64 61 94 107 90 151 102 4 38 163 104 129 62 131 183 176 58 177 72 37 1 53 23 47 43 190 36 98 121 85 130 118 125 96 25 108 59 27 167 165 42 132 116 100 134
56 123 114 110 30 32 6 117 197 45 145 182 115 185 64 151 139 4 13 63 54 191 168 104 183 158 58 177 28 75 188 92 41 43 11 69 82 119 77 95 25 108 71 66 156 103 59 93 34 50 124 27 147 42 167 100 200 16 20 195 160 187 19 49 135 44 9 189 146 138 109 61 29 21 170 193 38 88 131 78 105 133 24 8 1 83 47 175 89 14 3 80 96 51 149 181 40 65 15
5 35 114 30 187 117 67 44 146 74 138 64 61 94 107 151 90 139 57 13 4 21 86 191 38 129 91 183 192 78 177 24 184 173 75 137 8 83 47 43 99 82 89 118 119 25 149 155 103 93 113 34 59 42 87 165 116 134
56 114 110 60 32 67 145 186 185 64 151 4 13 63 54 191 168 86 158 23 171 69 36 82 130 125 162 84 108 66 76 156 34 93 2 27 194 167 87 42 132 20 195 141 160 19 187 135 9 189 74 138 106 107 57 38 129 131 120 192 105 24 8 17 184 53 22 47 190 121 198 89 14 3 51 149 155 181 40
56 35 30 67 182 115 186 112 185 64 90 139 13 4 86 183 177 75 171 69 11 43 82 130 119 39 77 108 71 66 59 2 124 27 144 127 116 200 20 195 141 187 135 9 189 109 161 107 88 120 78 24 184 8 14 113 142 5 114 32 197 45 117 145 151 54 63 62 158 176 122 58 199 28 148 92 118 25 93 34 194 167 42 160 19 49 44 146 106 102 159 21 193 131 101 105 17 53 47 175 198 3 96 149 181 155 65 97
56 114 55 110 60 32 197 145 153 112 64 151 139 54 63 191 104 158 176 122 58 179 75 111 92 43 11 118 130 162 84 77 25 108 71 66 76 156 34 50 59 2 27 167 87 132 116 157 200 16 20 195 141 160 187 19 49 44 135 9 189 146 74 106 109 61 94 29 161 107 170 88 129 38 131 78 105 133 24 8 17 1 53 83 47 137 198 89 166 155 113 97 165
5 56 55 114 30 117 45 145 182 64 151 63 168 86 54 183 176 52 199 177 28 173 75 92 43 11 82 125 39 108 71 156 59 34 27 26 194 167 42 144 200 195 187 9 189 146 74 138 106 109 107 159 21 193 163 192 24 8 1 53 83 175 14 178 3 51 149 181 155 48 15 165
56 55 114 123 60 30 32 67 45 115 112 185 64 90 86 168 176 122 52 28 111 23 171 69 130 77 25 76 93 167 42 132 100 79 200 195 141 187 135 9 189 74 61 29 107 102 159 57 21 193 131 120 78 133 24 137 53 83 1 99 3 51 181 155 65 165 142
5 100 114 134 30 197 44 31 138 185 94 54 131 120 183 133 58 28 111 53 47 171 69 190 85 14 118 125 96 51 149 181 108 59 34 93 194 42 142 127 157 132
5 114 30 32 197 45 145 182 164 115 112 185 64 90 139 86 54 191 91 158 176 122 58 52 28 75 173 148 23 188 92 111 43 130 125 162 108 71 76 103 59 50 34 2 147 42 167 132 116 100 200 16 20 141 19 44 146 74 138 106 109 61 94 29 57 102 21 193 38 88 131 120 78 24 8 17 37 1 53 47 175 190 89 3 149 181 48 165 142 134
114 30 32 197 67 145 182 115 112 64 151 90 4 13 86 168 191 183 158 176 177 23 92 171 11 43 118 125 119 7 25 108 66 156 34 50 26 132 116 100 157 200 141 44 135 9 189 74 161 107 102 159 21 88 38 78 72 8 53 83 47 3 143 113 142
5 56 55 114 30 6 67 117 145 115 185 64 90 139 4 13 86 54 191 183 176 58 52 177 12 199 173 75 188 92 171 11 36 43 130 119 118 39 95 25 126 108 71 103 59 50 34 10 194 167 42 132 100 20 195 141 187 44 9 31 146 189 138 109 61 29 94 161 107 102 57 193 38 131 120 192 78 105 72 24 184 8 1 53 83 47 198 14 3 80 51 155 113 174 165 134
123 110 30 6 197 45 117 182 153 185 151 13 54 86 63 62 158 58 199 12 28 23 171 43 36 11 130 125 119 77 7 25 108 103 34 59 194 167 42 144 132 200 20 141 19 146 189 138 106 61 94 102 57 159 88 38 131 24 8 17 184 53 22 175 121 3 80 149 15 165
5 56 110 60 30 32 67 45 145 117 115 64 151 13 54 168 191 62 183 158 176 177 199 12 28 75 111 171 82 118 162 39 108 71 76 103 50 26 42 116 100 200 19 49 9 146 189 74 102 193 38 131 120 192 78 24 8 1 22 47 99 121 51 149 155 40 134
