200 200
169 176 114 122 177 60 52 180 184 148 188 136 197 175 145 43 190 189 182 196 166 51 94 151 149 181 172 103 128 159 50 170 124 191 193 88 174 183 116 192
200 195 60 187 197 117 145 189 182 164 153 186 112 146 138 161 151 159 152 170 168 191 193 104 120 183 158 150 192 101 78 179 199 177 173 184 137 188 154 175 171 69 190 121 166 89 198 118 119 51 77 126 181 155 103 143 48 113 165 144 132 127 140
169 200 114 134 110 195 180 160 187 197 145 73 146 182 164 196 186 112 185 189 161 151 107 139 102 159 152 63 168 191 193 129 163 131 120 183 158 150 192 101 122 133 179 177 199 173 184 148 137 188 154 175 171 36 198 166 118 125 119 77 126 149 71 155 181 156 76 103 34 113 65 27 174 194 147 167 144 132 140 100 142
169 56 123 200 110 79 195 180 141 160 197 117 145 31 146 182 196 153 115 186 185 189 138 109 94 161 151 107 139 128 152 86 168 191 170 193 104 129 131 120 183 192 150 176 101 105 133 177 199 173 184 188 154 175 68 98 121 85 198 89 118 125 178 162 80 95 126 155 156 143 50 113 124 174 194 167 147 144 127 142 157
169 56 55 123 200 195 180 141 32 136 197 117 145 135 189 182 164 115 186 112 185 64 153 196 109 151 107 159 152 86 168 191 170 193 163 129 62 131 158 192 101 133 177 199 179 173 184 148 137 188 53 154 171 47 175 190 98 85 166 89 130 125 178 162 172 155 181 66 156 143 48 97 194 167 147 144 132 140 157 142
123 114 110 60 197 145 182 196 153 186 115 112 151 139 86 168 191 63 54 183 158 150 176 122 58 179 199 177 52 173 148 188 171 69 98 130 162 95 126 108 172 103 27 194 147 167 144 132 140 127 100 157 79 116 81 87 195 141 160 44 135 146 189 138 106 61 161 57 159 152 170 193 88 129 131 120 192 101 78 133 24 184 37 137 53 154 175 190 198 166 178 96 51 149 155 181 143 113 65 174 97 165 134
157 134 55 123 180 141 187 197 145 135 44 146 182 164 186 112 185 151 90 139 159 152 168 193 163 131 120 183 158 150 176 192 101 105 179 199 173 111 137 188 190 98 85 198 166 130 125 178 39 155 181 156 113 65 124 97 174 194 165 144 132 140 116 127
169 200 55 114 165 195 134 180 160 187 49 197 117 189 182 164 153 186 196 185 115 146 74 138 109 161 151 128 170 168 191 193 129 104 91 183 158 192 176 122 105 133 177 199 179 173 184 137 53 188 83 171 98 121 166 198 130 119 178 162 96 95 172 149 181 156 103 50 124 174 194 147 87 167 144 140 100 157
140 134 123 122 105 100 179 199 180 37 148 187 111 188 154 197 175 190 171 98 189 166 196 186 178 126 172 156 128 93 170 193 191 129 194 91 167 120 183 144 192 132
134 200 195 141 160 187 197 117 145 189 196 115 186 153 109 138 106 161 151 128 159 152 170 191 163 91 131 120 183 192 158 176 122 179 199 177 173 184 175 190 121 85 198 166 118 125 119 82 130 181 143 103 113 65 124 194 167 165 144 127 100 157
55 114 136 197 145 164 153 186 112 185 115 196 151 168 191 104 91 183 158 150 122 179 199 177 173 148 111 188 171 68 98 85 118 119 162 84 77 126 172 108 156 59 194 167 87 144 132 140 116 100 157 200 169 147 195 180 160 187 135 189 146 74 138 161 128 159 193 38 129 131 192 105 133 72 184 137 154 83 175 190 99 121 166 198 89 178 149 155 143 174 165 142 134
169 200 55 195 180 141 160 187 117 197 45 135 146 182 196 189 186 138 185 94 161 151 90 139 128 152 168 191 193 163 91 120 183 158 150 176 192 52 177 184 111 137 188 154 83 171 175 190 98 121 85 166 198 178 162 108 71 172 149 155 156 181 174 194 147 167 144 132 165 157
169 200 114 123 195 180 141 160 187 117 197 145 189 182 164 153 115 112 185 196 146 138 106 161 151 128 159 102 152 54 168 191 170 193 129 131 120 183 158 150 176 192 122 105 179 199 177 75 173 184 148 111 188 154 171 190 166 118 125 130 162 178 149 155 181 143 93 65 124 27 194 167 165 132 140 157 142
169 200 79 123 81 195 136 117 145 146 196 164 186 112 185 161 139 128 102 152 168 191 129 131 183 192 101 176 150 122 177 154 188 175 190 99 121 198 119 96 126 149 155 103 156 143 124 194 142 116
169 114 81 180 160 197 189 182 146 74 186 138 94 161 151 90 107 102 170 168 191 193 163 91 62 183 158 192 176 122 105 133 177 199 173 75 184 53 188 175 171 43 68 69 190 198 125 84 95 181 155 76 103 143 50 124 174 194 167 165 127 142
200 180 141 187 136 67 197 117 145 135 146 182 189 153 186 112 185 109 61 161 151 102 159 170 191 193 88 104 131 192 122 179 177 199 184 148 137 188 92 53 171 154 22 175 98 190 82 85 166 198 119 125 162 178 77 95 172 149 103 156 76 143 93 113 97 194 147 42 165 142 140 134
169 100 123 200 127 195 142 180 141 160 187 32 197 189 146 186 106 109 94 151 128 70 191 193 163 192 133 177 173 75 184 111 137 188 154 175 43 171 190 98 85 166 89 198 125 119 178 51 95 172 149 155 181 103 143 93 124 194 147 167 144 132 116 140 157
169 200 114 195 180 141 160 187 197 67 145 135 146 189 74 153 186 185 64 94 161 151 128 159 57 152 170 193 163 131 120 176 122 105 58 177 199 173 75 184 111 53 188 154 175 171 190 98 85 198 166 118 125 119 80 108 149 181 156 103 76 143 93 113 124 26 194 167 147 132 116 157 100
169 200 114 116 134 195 187 136 117 197 135 189 182 196 153 115 112 185 164 186 109 61 161 151 90 139 102 128 86 168 191 54 170 163 131 183 158 150 176 101 179 199 28 173 75 111 148 188 92 137 171 154 68 36 175 190 82 121 198 118 166 178 162 84 77 95 172 149 155 181 103 143 113 174 194 165 144 127 132 100 140
169 200 176 177 179 180 184 83 188 136 197 154 190 175 121 189 166 89 186 112 106 185 178 162 181 128 65 124 191 174 194 104 131 165 183 140
169 200 110 160 187 145 189 182 153 186 151 107 128 170 88 104 131 192 176 133 173 184 111 154 190 171 166 198 89 119 125 162 51 77 149 155 103 156 113 194 167 147 144 127 157
134 200 79 195 180 187 19 197 189 196 186 138 185 106 94 151 128 159 152 170 168 193 163 183 158 150 192 177 199 179 72 184 53 188 92 175 190 171 99 166 198 130 125 178 162 126 103 156 124 97 174 194 167 165 144 142 132 116 157
200 123 114 110 195 180 160 187 197 145 135 189 182 196 115 164 153 185 186 146 138 106 109 151 90 107 139 102 57 159 152 170 168 163 104 120 183 150 176 122 133 179 177 199 72 173 184 111 137 188 171 190 99 198 166 130 125 178 96 108 143 174 194 147 165 127 140
56 123 60 136 67 197 145 182 164 153 186 112 185 151 139 54 168 191 86 91 183 158 176 122 177 179 111 188 92 171 85 130 118 162 39 77 126 172 108 71 156 76 124 147 87 144 132 140 157 100 169 200 81 195 180 141 135 189 146 138 109 94 107 159 152 163 129 131 120 192 101 78 133 72 184 83 154 198 166 178 149 181 155 48 65 97 165 142
79 123 180 160 187 197 117 145 146 182 196 189 186 106 185 139 102 159 152 70 170 63 191 163 104 120 183 158 192 176 122 52 199 173 184 175 171 190 98 166 198 178 119 162 96 77 149 155 108 156 103 59 174 194 140 157 100
169 200 114 134 195 60 180 187 136 197 145 135 189 182 196 153 164 115 185 146 138 161 151 90 107 102 159 128 152 86 168 191 170 193 104 88 163 131 105 133 177 199 179 75 184 111 188 83 175 190 99 121 198 166 118 119 80 178 39 96 149 181 155 76 156 113 65 174 194 147 87 144 132 116 157 167
169 134 195 180 141 117 145 44 146 182 164 153 196 189 138 109 94 151 139 102 128 86 170 191 193 104 131 120 158 150 176 192 101 78 133 177 179 173 148 53 92 175 171 190 99 82 198 125 178 162 80 77 95 181 155 59 124 194 167 165 140 157 100
169 200 100 195 141 187 197 145 189 146 182 153 138 106 185 161 151 90 107 139 152 170 163 104 158 150 176 105 177 137 188 154 190 121 166 118 126 149 172 181 124 132 157 134
56 114 123 197 45 182 164 115 153 186 185 112 139 13 86 168 191 104 183 150 176 122 177 199 28 173 148 188 171 69 98 85 130 119 125 162 118 95 172 71 66 76 124 194 167 147 144 116 157 100 200 195 180 141 160 187 135 146 189 74 138 109 161 102 152 170 193 88 131 192 105 133 184 137 154 175 190 99 121 198 166 178 96 33 181 155 143 113 97 165 142
169 79 200 81 133 177 199 179 180 28 137 92 82 89 164 153 186 166 198 125 119 178 84 95 151 90 172 155 102 159 152 170 168 193 174 163 104 194 120 144 158 150
123 110 30 32 136 197 117 182 196 153 115 164 185 151 90 139 86 191 104 62 183 158 122 177 199 179 75 173 111 188 171 130 119 118 162 84 95 126 172 66 103 156 124 194 167 147 116 157 140 169 200 195 180 187 146 189 138 61 161 102 159 57 152 170 193 131 192 101 133 184 137 154 47 175 190 99 166 89 178 149 181 155 143 40 113 174 165 142
169 200 123 55 195 141 160 187 136 67 117 145 197 135 146 182 164 186 106 185 64 109 161 151 139 159 152 54 168 191 170 193 129 163 120 183 150 176 133 177 173 184 148 137 188 175 43 190 36 99 121 198 166 130 119 178 162 96 126 172 155 103 143 48 113 124 174 97 194 147 167 144 132 142
169 200 123 114 110 79 195 142 180 160 187 136 197 117 145 189 182 146 153 186 138 185 151 90 107 128 159 170 168 191 193 163 91 62 131 158 150 176 192 133 177 179 75 173 148 111 188 92 137 171 154 68 83 175 190 85 82 198 130 119 89 166 80 149 181 66 156 48 174 194 147 165 127 140 116 132
142 200 114 123 110 195 180 141 160 187 136 117 197 73 146 164 109 64 61 161 151 139 159 86 168 191 170 193 129 91 163 120 183 158 150 192 105 179 199 177 75 173 184 111 137 188 83 154 69 85 198 130 118 119 162 80 96 51 172 108 149 181 155 113 65 124 174 97 194 147 167 127 140 100 132
169 56 114 200 134 195 180 141 117 197 145 135 189 182 164 153 196 138 185 61 161 151 107 139 128 63 168 191 193 163 129 91 131 120 183 158 150 192 122 105 179 199 177 173 184 148 188 154 171 99 166 89 198 130 178 80 162 77 126 108 149 155 181 103 76 143 65 174 194 167 147 144 132 140 100 165
169 200 114 81 142 195 180 141 187 136 145 182 196 164 186 112 74 109 94 161 151 90 139 128 159 102 152 170 168 191 193 88 129 91 62 163 183 158 192 176 78 122 105 133 177 199 179 173 184 148 188 83 175 190 98 82 198 89 118 125 178 162 84 51 172 71 149 181 155 103 143 40 113 174 194 147 87 144 132 127 140 165
134 56 35 123 200 195 180 141 160 187 136 145 146 182 196 189 186 138 185 90 46 57 159 128 152 168 191 193 163 131 183 158 150 176 78 122 177 199 179 173 75 184 111 148 188 137 53 154 175 166 198 125 96 172 155 181 156 113 97 174 194 167 144 132 140 157 142
169 200 114 79 81 195 180 187 32 49 136 197 145 135 44 31 189 182 164 196 186 153 185 106 109 61 161 151 102 159 170 168 191 193 88 104 91 120 183 150 176 78 133 177 199 179 173 184 137 188 154 171 190 121 198 118 119 125 162 80 178 77 95 96 181 155 143 93 174 147 167 144 132 140 134
169 200 114 110 195 180 197 135 189 146 164 153 138 186 161 70 168 191 38 192 150 105 177 52 111 175 190 98 166 125 119 96 149 181 155 156 93 124 194 147 165 144 157 100
169 56 55 123 200 195 165 142 134 49 197 117 145 135 189 182 196 164 115 112 146 138 109 159 152 63 54 191 86 168 131 120 158 150 176 192 78 133 199 184 148 111 188 137 41 83 154 175 190 99 121 85 166 130 125 178 162 108 172 149 155 181 156 143 113 124 27 174 194 167 87 144 147 140 157 116
165 200 79 142 110 195 134 180 141 160 187 197 145 135 44 146 182 196 153 186 115 185 164 189 138 106 109 151 128 159 70 152 54 191 163 129 131 183 158 150 192 105 179 199 177 173 184 23 188 83 154 171 69 175 190 98 121 82 166 89 198 178 162 33 172 71 149 181 155 103 156 143 59 174 97 194 147 167 144 127 140 157 100
169 200 114 123 142 195 134 180 141 187 197 145 146 182 196 153 186 189 185 64 106 109 94 151 139 128 102 152 54 170 193 88 163 62 183 158 150 176 192 105 58 177 199 12 133 24 173 75 184 148 111 154 92 175 98 85 82 198 118 130 178 162 77 172 149 181 76 143 174 194 167 165 144 127 116 140 132
134 200 55 79 81 195 180 141 187 136 145 189 182 164 196 186 153 94 151 128 152 70 170 168 191 193 163 120 176 122 133 177 199 179 72 173 184 111 83 154 190 198 166 119 96 84 95 25 126 172 149 181 156 143 174 165 144 132 100 157
56 200 195 180 160 187 136 197 45 145 135 146 196 164 186 112 185 74 138 128 70 168 193 163 120 192 150 176 122 58 179 199 184 111 148 154 175 171 190 99 85 166 198 89 162 96 126 172 181 156 93 113 124 174 194 167 147 142
142 200 56 100 60 180 49 135 189 182 146 153 138 94 90 139 152 70 170 163 129 91 192 150 158 78 133 179 199 173 148 137 83 111 154 190 99 166 198 119 172 149 76 143 65 194 147 165 144 132 116 134 140
200 110 195 180 160 187 32 189 182 164 153 106 185 64 109 61 29 161 152 70 54 168 191 86 170 104 193 163 120 183 158 150 176 192 101 78 179 199 177 173 184 137 188 92 154 47 190 99 98 121 166 198 130 125 96 84 51 77 95 108 149 181 155 103 59 65 124 174 42 165 116 157
136 197 145 182 196 153 164 186 185 64 151 139 86 168 191 91 183 158 176 122 179 199 75 173 111 148 41 171 43 130 125 119 162 95 126 172 108 156 93 50 10 147 127 132 100 169 200 81 195 180 160 187 135 189 146 74 106 109 161 107 57 128 152 193 163 129 131 120 192 101 105 133 184 137 154 190 198 166 80 178 96 149 181 143 97 174 142
123 114 60 136 67 197 145 182 196 153 186 112 185 151 90 139 168 191 104 62 183 150 176 179 199 177 75 188 92 171 130 125 162 84 77 95 172 71 108 156 103 124 167 87 100 157 79 200 81 195 180 141 187 49 135 189 61 94 161 107 102 159 57 152 170 129 131 120 192 101 184 137 53 154 83 175 190 198 89 80 178 96 149 181 113 97 165 142 134
56 55 123 200 81 195 180 160 187 136 117 197 44 135 73 182 196 153 186 185 64 109 151 139 128 159 57 152 168 191 193 129 104 91 163 131 183 120 192 150 176 105 133 179 177 199 173 184 148 111 188 175 171 69 190 121 198 166 118 119 80 162 84 96 77 95 108 71 93 113 65 124 174 194 167 165 144 132 157
56 55 114 110 123 136 197 145 182 164 196 185 64 151 139 63 191 183 158 150 176 179 177 199 173 148 188 171 69 118 119 125 162 84 95 126 172 71 103 156 59 93 124 147 144 127 116 132 140 157 200 195 180 187 189 146 106 94 161 159 152 170 193 38 163 131 192 105 133 184 137 154 175 190 121 198 166 89 178 33 149 181 143 113 65 174 97 165 142 134
60 136 197 117 145 45 182 196 153 186 112 185 164 151 86 168 191 91 183 158 150 176 122 177 199 179 173 148 188 171 85 82 130 125 39 172 108 156 59 124 194 147 87 144 127 140 157 100 169 200 79 81 167 195 132 180 141 160 187 19 49 189 146 46 128 159 152 170 193 38 163 129 120 192 105 133 184 154 47 175 190 121 198 166 80 178 181 155 174 97 134
114 117 197 145 73 182 164 153 186 112 185 196 151 90 86 168 191 91 183 158 176 179 177 199 75 173 188 92 41 171 43 82 130 125 118 162 84 77 7 108 172 66 103 156 26 194 147 167 132 116 100 140 157 200 169 180 187 135 189 138 61 161 57 128 102 152 159 70 170 193 163 131 192 78 133 72 184 83 175 190 166 198 89 178 149 155 181 143 40 174 97 165 142
140 200 114 123 110 100 81 195 165 180 141 160 187 136 197 117 145 135 189 182 164 153 74 138 185 161 107 90 139 128 159 70 170 168 191 88 129 104 120 158 176 122 105 58 199 173 184 111 148 188 92 154 171 47 36 190 99 121 85 166 198 119 178 84 95 126 172 149 155 181 103 143 48 50 113 124 147 167 144 42 116 157 127
169 200 16 160 187 49 136 197 45 145 189 146 109 61 161 151 57 159 191 163 104 192 133 179 72 173 75 184 148 92 175 171 121 198 162 25 149 172 181 143 103 156 34 127 140 134
200 160 187 136 197 73 182 164 153 186 112 196 107 90 139 159 152 168 191 193 62 183 101 176 105 133 177 179 173 184 188 154 175 171 83 99 98 121 166 85 89 178 162 95 126 149 155 143 93 124 174 194 147 132 116 134 140
169 79 123 114 110 195 160 187 197 117 145 135 146 196 153 186 112 185 106 109 151 90 107 128 159 168 193 129 163 91 131 183 192 150 176 133 179 177 199 184 148 188 92 175 171 190 99 121 82 198 130 119 80 162 84 178 172 149 156 76 103 113 174 194 147 144 132 142 157 100
140 79 157 134 195 199 173 141 160 148 188 175 182 196 164 138 153 185 186 162 46 181 156 159 70 93 63 86 193 88 174 104 194 131 147 167 144 142 101
200 81 195 180 141 160 189 146 164 153 138 196 185 61 107 151 128 152 170 168 191 88 163 104 193 183 150 176 179 199 184 148 188 175 190 171 68 121 198 130 125 95 108 155 172 181 156 93 97 194 167 127 132 140
110 60 197 45 145 182 196 153 186 164 185 151 90 191 91 183 158 150 122 58 179 199 173 111 188 171 98 118 130 119 162 39 126 108 172 156 194 167 87 144 147 116 140 132 169 200 157 81 42 195 180 160 187 135 146 189 74 138 109 61 128 159 152 170 193 163 131 101 105 133 184 137 175 190 198 166 89 178 96 149 155 181 143 113 174 97 165 142
200 195 180 141 160 187 19 136 197 145 135 146 182 196 153 186 164 185 189 109 161 151 102 128 152 170 191 193 88 163 129 120 192 150 176 105 133 177 72 173 184 188 154 41 171 175 68 190 198 166 130 125 178 162 51 126 172 149 155 66 181 143 113 65 124 97 18 147 167 165 142 157 134
79 200 195 180 160 197 189 196 186 161 151 139 128 102 152 54 191 88 193 163 192 150 173 184 137 148 188 175 68 99 85 166 130 119 118 162 84 172 71 181 156 34 50 113 97 167 127 132 142
100 169 55 114 200 81 195 165 142 141 136 117 67 197 135 73 189 164 153 186 115 185 138 106 94 151 46 86 168 191 170 129 104 91 163 120 158 192 176 122 177 199 173 75 184 148 111 188 92 154 99 85 198 166 125 178 162 108 149 93 174 194 42 144 132 116 157 140
169 200 114 110 180 160 187 197 189 182 164 153 186 138 185 61 161 151 139 159 170 191 193 163 183 192 150 122 133 179 199 177 72 173 184 137 188 154 41 171 83 175 98 166 198 89 118 162 77 108 172 149 155 181 156 143 34 65 97 194 167 165 127 157 134
158 200 157 105 179 177 199 180 75 187 188 83 92 197 145 121 189 182 196 164 138 153 109 185 166 130 96 172 181 191 194 167 131 120 127 192 101
169 200 123 114 110 79 195 180 141 160 187 136 117 145 135 189 182 164 196 186 115 146 138 107 139 128 159 152 86 170 191 21 193 129 91 62 131 183 120 192 150 101 78 177 179 52 173 184 148 137 188 53 154 171 22 175 190 98 99 82 198 130 125 119 162 178 80 126 108 71 181 155 103 156 143 113 174 194 167 147 144 165 116 157 142
169 200 110 60 30 136 117 197 145 189 182 146 115 186 106 185 109 94 161 139 70 86 168 193 183 192 176 58 177 179 199 133 75 173 148 137 188 154 83 43 175 190 98 198 89 118 125 130 162 39 178 77 172 149 181 155 156 143 48 174 194 147 144 142 157
200 114 110 180 117 189 164 196 153 106 185 115 186 94 161 57 152 170 191 163 120 158 101 78 133 177 72 179 199 28 184 173 148 175 190 166 85 178 80 172 155 93 167 132 142
200 177 141 160 188 175 117 190 44 145 68 73 189 99 164 153 186 196 115 121 198 166 96 172 155 149 181 156 159 168 174 163 129 147 120 183 140 157
169 200 114 195 187 32 136 197 117 145 135 146 196 186 112 185 138 106 109 151 57 102 159 128 152 170 191 193 88 129 163 158 150 176 192 101 122 78 179 52 199 177 72 173 75 184 148 137 188 154 175 171 68 98 198 118 125 80 96 126 172 108 71 149 181 156 155 10 174 167 87 144 132 142 100 134
157 200 114 142 195 141 160 187 49 197 135 73 146 182 196 115 186 185 109 107 128 159 152 54 170 21 129 131 158 192 179 199 177 173 184 111 148 188 92 137 171 69 68 154 175 190 99 166 89 118 119 125 162 80 51 95 172 108 156 48 65 194 167 165 132 140 100 116
87 200 114 123 110 16 195 165 180 136 117 197 145 135 189 146 196 115 153 112 186 164 64 185 106 109 161 151 107 139 102 159 170 191 193 88 163 91 131 183 150 176 78 122 133 177 199 179 173 184 148 188 154 83 171 175 190 98 166 89 178 80 162 51 95 149 155 181 156 143 93 113 124 174 194 147 167 144 132 140 100 116
169 200 123 195 180 141 145 182 153 106 185 161 152 63 168 193 88 163 129 91 120 192 122 105 179 177 173 83 188 47 43 171 190 121 198 178 149 143 59 174 194 147 165 144 140 157
169 200 176 195 179 199 184 173 160 187 148 137 136 92 175 135 189 164 115 196 106 185 118 178 94 162 172 155 181 156 128 168 191 167 120 144 127 140 134
169 134 195 60 180 160 187 197 117 145 146 182 164 115 186 153 185 138 106 151 46 63 168 191 193 163 120 192 101 58 177 179 199 133 173 184 111 137 188 53 83 43 171 154 98 121 82 198 166 130 119 178 162 51 95 172 71 181 155 156 143 113 174 194 167 132 140 157 142
169 79 195 180 141 160 187 136 117 197 145 146 182 196 153 189 112 185 74 138 106 109 61 161 107 139 128 159 170 168 191 193 88 104 91 163 129 183 131 158 192 176 105 52 177 24 173 184 148 111 137 92 175 171 190 121 85 118 130 125 84 108 172 181 103 156 143 93 113 124 194 147 167 144 165 116 100 142
169 200 81 195 180 160 187 145 146 182 164 186 138 161 151 139 159 152 168 193 163 104 91 120 183 192 150 176 122 179 177 199 28 173 75 111 188 68 99 166 178 80 162 126 103 124 174 147 165 144 127 157
134 79 114 200 81 195 180 160 187 136 145 189 182 164 115 74 138 185 94 151 139 128 159 102 168 191 193 163 104 129 158 150 176 192 122 105 133 177 199 173 184 137 188 154 171 190 98 121 198 89 118 119 178 162 51 172 149 155 66 181 174 167 147 127 140 100 157
169 200 81 110 60 180 141 160 187 136 197 189 182 164 153 196 112 185 146 94 161 107 90 139 102 159 170 168 191 163 104 120 183 158 150 176 192 105 133 179 199 177 72 173 148 188 92 154 171 83 68 175 99 198 166 118 51 77 25 126 172 149 181 66 143 124 174 194 147 167 165 132 140 142 134
56 79 81 195 180 187 197 135 189 146 164 196 186 112 74 138 94 151 139 159 152 170 168 191 193 88 104 163 129 131 158 192 176 179 199 177 72 173 184 148 137 171 43 190 99 98 121 198 166 125 80 178 84 172 71 143 174 147 165 127 142
169 200 123 79 195 60 141 160 187 197 135 146 182 164 115 153 112 196 64 185 186 138 61 139 159 86 191 193 104 91 183 158 150 176 192 173 184 148 111 188 175 171 190 68 99 82 166 198 130 178 162 95 25 126 172 108 149 66 181 156 103 155 143 93 174 194 167 132 116 127 142
169 200 176 110 195 105 177 199 184 173 197 67 171 166 182 164 196 89 198 185 178 96 126 90 181 156 102 170 193 191 163 104 62 120 140 158 150
55 114 60 197 117 145 45 67 182 164 196 115 186 185 112 151 90 139 86 191 183 158 150 176 58 177 199 179 173 75 188 171 68 98 85 82 130 162 126 172 71 156 59 50 167 42 144 127 116 169 79 195 180 141 187 49 135 189 146 138 109 107 102 159 128 152 193 88 163 129 131 101 105 133 184 154 175 190 166 89 198 178 96 149 155 143 48 174 97 165 142 134
200 114 123 141 160 136 197 182 196 115 153 164 185 64 161 151 152 170 120 183 192 158 105 133 177 148 137 154 175 171 190 121 166 178 126 149 172 71 181 93 59 113 124 174 194 116 100
176 200 134 195 133 72 141 160 187 154 47 175 197 190 145 189 182 196 164 153 74 198 64 151 172 76 159 48 170 168 124 174 163 91 131 120 183 147 158 150
169 195 180 141 160 49 197 145 146 189 196 153 186 112 185 128 159 102 170 191 193 129 163 131 183 158 150 176 192 101 122 105 179 177 173 184 37 137 188 154 175 43 171 190 98 85 198 166 130 80 77 108 149 181 155 103 156 143 124 194 147 167 140 134
114 110 30 136 197 117 145 73 182 196 153 186 164 185 139 168 191 183 150 176 122 179 199 173 148 111 188 98 85 130 119 118 162 95 172 103 76 156 124 194 167 42 132 140 157 169 79 81 195 180 141 160 187 44 189 146 109 94 161 128 102 152 170 193 163 131 120 192 184 154 175 190 198 89 166 178 80 96 155 181 48 65 97 174 165 142 134
169 123 114 16 195 180 141 160 187 136 197 135 146 182 164 153 186 115 185 189 138 106 161 151 139 128 170 193 131 183 158 150 176 192 122 105 179 177 75 184 137 188 190 85 89 119 178 84 108 156 143 113 194 167 127 140 157 134
110 195 141 136 197 67 135 117 196 164 74 186 102 70 21 168 191 88 163 129 193 131 183 101 150 176 133 199 173 184 137 83 175 190 121 98 198 80 162 95 76 143 124 174 167 87 140
169 200 55 142 134 195 60 180 141 160 187 136 117 197 45 135 31 189 182 164 196 186 153 185 146 138 106 109 61 161 151 139 159 152 54 168 191 88 163 104 129 62 158 192 78 122 105 133 177 199 179 173 184 148 137 188 83 175 171 190 85 198 166 130 118 125 162 178 96 51 108 172 149 155 143 113 124 174 87 165 127 132 157 140
101 176 123 192 157 195 177 184 188 154 175 145 135 121 198 182 196 166 138 186 162 130 107 172 108 152 168 193 62 131 87 140 158 150
169 56 123 114 200 79 195 180 141 160 197 189 164 153 186 185 161 90 139 128 159 70 170 168 191 193 163 104 129 131 158 192 101 78 179 199 177 28 173 184 53 154 92 47 171 190 99 98 121 198 118 119 80 162 126 108 172 181 66 143 48 93 113 124 174 194 147 87 144 132 165 100 157
169 200 110 180 160 187 136 197 146 189 182 164 112 185 61 94 151 128 159 102 54 63 191 170 129 104 168 183 192 150 176 158 105 177 72 199 75 173 37 148 184 188 190 69 171 99 121 198 82 77 126 181 155 76 65 97 174 165 132 142 100
169 200 110 30 180 187 136 197 117 145 189 182 196 186 106 185 109 61 161 46 102 128 152 170 168 38 91 183 133 177 199 12 184 148 154 171 190 166 80 96 172 155 181 143 124 174 194 165 144 132 134 157
169 200 81 195 180 187 197 117 135 146 182 196 115 186 164 185 153 189 74 109 94 151 139 102 128 57 70 168 191 193 62 131 183 120 158 150 192 105 58 177 179 72 173 184 137 188 92 154 171 69 175 121 85 166 89 130 119 125 178 84 95 108 172 149 181 155 103 156 34 93 59 124 174 97 194 167 87 144 147 165 157 134
169 165 114 110 160 32 49 197 145 189 182 164 153 186 112 185 64 138 106 109 161 151 139 63 168 86 193 163 104 129 131 120 183 192 176 122 58 179 199 177 72 173 111 188 154 83 198 89 166 118 130 178 149 181 155 66 143 97 174 167 87 144 127 147 100 140
200 123 81 195 180 160 187 136 197 145 135 146 182 164 189 186 112 74 138 161 128 57 86 168 191 170 193 163 120 183 192 176 105 58 179 199 133 173 184 148 188 154 171 190 99 198 166 119 178 96 77 33 126 108 155 103 156 143 40 59 113 124 174 194 147 144 127 157 134
157 200 123 81 114 195 169 180 187 136 197 135 189 182 196 153 186 146 185 109 61 94 161 151 139 57 128 152 70 168 191 88 163 104 120 183 158 150 176 192 101 122 133 177 179 58 199 184 173 137 53 154 175 171 190 121 85 166 198 130 118 178 162 96 126 172 149 181 155 156 76 113 65 124 27 174 194 97 147 165 144 142 167 132 140
114 195 187 32 136 197 146 182 138 112 109 185 94 151 46 128 152 63 193 191 88 158 150 78 122 105 177 199 184 148 171 85 198 178 119 162 108 172 155 149 143 93 50 194
169 195 60 180 136 67 197 182 196 115 186 106 185 159 86 54 193 131 120 183 192 176 105 52 199 177 179 184 137 154 188 175 190 198 89 85 125 178 77 126 172 181 155 113 147 144 127 142 157
169 200 123 180 187 136 135 189 182 196 153 112 61 94 161 151 90 46 139 102 159 70 152 168 163 104 62 158 192 176 101 122 105 133 179 199 177 173 148 188 92 154 171 47 175 99 121 85 166 130 119 118 178 84 96 95 172 149 181 155 76 143 93 124 174 167 165 132 127 140 134
56 123 136 117 145 182 196 153 186 112 185 164 151 90 86 191 158 150 176 177 199 179 173 111 148 188 43 85 118 130 162 84 95 126 156 93 124 194 147 167 132 116 157 169 200 195 180 141 160 187 135 189 138 106 61 94 161 107 46 57 159 128 170 193 129 163 131 120 192 101 105 133 184 83 99 121 166 178 149 181 155 48 113 174 165 142 134
169 133 179 199 177 187 154 49 188 197 117 171 190 36 73 146 98 196 164 186 166 130 178 162 172 155 181 143 156 159 86 168 174 163 129 167 147 144 192 100
114 123 110 32 136 197 145 73 182 196 153 186 112 185 115 151 90 139 168 191 158 177 179 199 173 148 188 41 171 98 85 118 119 162 84 95 172 108 156 103 76 59 93 124 194 167 147 144 132 116 140 79 195 180 160 187 135 189 146 74 138 106 109 161 107 102 159 128 152 193 129 131 192 105 133 72 184 137 154 175 190 99 121 198 89 166 80 149 155 181 143 65 174 142 134
114 110 136 197 117 145 182 164 196 186 115 112 185 151 90 139 86 168 191 104 62 183 158 150 176 177 199 179 173 75 111 188 171 68 82 118 125 126 172 156 103 76 124 194 167 147 144 132 116 157 100 169 200 195 180 141 160 187 135 146 189 74 109 107 128 159 152 170 193 88 129 120 192 105 133 184 137 190 121 198 178 96 155 181 143 174 142 134
123 60 136 67 45 145 197 73 182 196 164 153 185 64 139 86 168 191 91 183 158 176 58 179 199 173 111 148 188 171 69 82 85 118 119 162 84 126 108 172 156 103 93 194 26 167 147 144 157 169 200 180 141 160 189 138 106 109 94 161 128 102 159 152 170 193 88 129 163 131 101 78 137 53 154 47 175 99 121 198 178 149 181 155 143 113 174 97 165 134
114 123 110 136 67 117 145 197 182 196 164 115 186 185 112 139 54 86 168 104 91 183 158 150 176 122 58 199 173 111 148 188 41 171 98 130 162 77 126 172 108 103 76 156 93 194 167 147 144 132 140 100 157 169 127 195 180 141 160 187 135 189 107 128 57 152 170 193 129 131 192 101 105 133 72 184 137 154 175 99 166 178 96 51 149 155 143 113 65 174 142 134
169 200 123 114 110 180 187 136 197 145 135 189 196 115 186 164 153 138 106 109 94 128 152 86 168 191 170 193 163 120 183 158 176 78 58 177 179 199 133 72 184 148 137 190 98 89 130 125 162 96 77 126 149 181 50 124 97 194 147 144 142 100 134
169 56 123 114 200 195 165 142 30 180 141 136 197 145 189 196 186 138 185 106 61 161 151 139 168 191 129 183 158 150 176 192 101 133 179 177 72 173 184 148 111 188 175 190 99 98 85 166 130 119 178 84 108 71 172 149 181 143 59 113 124 194 167 87 144 127 116 100 140
169 200 195 180 160 136 197 117 145 189 182 164 196 153 115 185 64 146 138 109 161 90 159 152 54 168 191 170 193 88 129 131 120 158 150 176 192 179 199 184 148 137 190 69 99 98 198 166 125 119 162 178 96 126 172 149 181 155 103 65 124 174 97 194 167 87 165 127 142 157 134
56 110 136 197 117 182 164 153 186 196 151 90 139 63 168 191 104 91 183 158 150 176 122 58 177 179 199 173 111 148 188 92 171 69 98 85 119 125 162 172 108 156 103 124 194 147 87 144 127 116 100 140 157 200 169 195 180 141 187 135 189 146 109 94 161 159 152 70 88 131 120 192 101 78 105 72 184 137 154 175 121 166 198 178 149 155 113 65 174 165 142 134
200 123 81 110 55 195 145 146 196 115 186 106 138 109 29 151 170 168 193 163 91 120 183 150 176 122 133 179 177 199 173 184 148 137 188 47 190 121 85 198 118 130 162 96 172 155 149 181 103 156 93 167 165 144 147
169 200 114 123 195 180 141 160 187 32 136 197 189 196 115 186 74 139 159 170 191 193 88 129 131 183 192 101 122 105 58 179 177 133 173 75 137 188 92 175 171 190 85 198 166 178 80 162 96 172 155 156 113 174 97 194 167 165 144 127 142 100
200 114 110 195 160 187 136 197 67 135 182 164 153 186 109 185 161 107 151 128 170 168 191 193 129 163 86 183 158 150 105 179 177 199 184 148 188 47 175 154 68 99 166 118 119 178 162 130 172 155 149 181 156 143 103 93 124 147 167 127 116 132
56 195 180 141 187 136 197 145 146 182 196 189 186 106 107 46 139 128 159 152 86 168 193 191 104 131 120 183 192 158 176 122 177 199 173 111 137 188 154 175 83 99 121 198 85 166 130 178 84 172 143 93 124 194 165 127 140 142 134
114 110 197 117 145 182 164 196 153 186 185 115 151 139 168 191 91 62 183 158 150 176 122 58 52 199 177 173 23 148 111 92 68 98 118 130 125 162 119 95 172 66 156 50 194 167 42 144 127 132 140 116 169 200 195 180 141 160 187 146 189 138 109 57 159 128 152 170 193 163 131 120 192 133 184 137 83 175 99 198 166 80 178 181 143 48 174 97 165 142
79 114 200 110 160 136 197 145 135 146 182 196 153 186 189 185 109 161 151 90 139 102 159 70 152 170 168 191 193 88 104 129 62 183 158 150 176 192 78 122 179 199 177 75 173 148 154 175 190 99 85 198 119 178 162 84 77 172 181 155 156 143 59 50 113 174 194 165 116 157
169 200 123 114 195 180 187 136 197 135 73 189 146 196 153 115 138 185 109 161 151 139 57 152 168 191 193 129 131 183 158 150 176 101 78 122 105 58 179 72 184 111 137 188 154 83 171 175 190 98 198 166 89 130 178 162 108 172 149 155 181 143 40 93 194 147 167 142 157
169 132 114 123 81 195 165 142 180 187 136 197 145 73 146 189 164 153 196 112 185 138 61 161 151 152 170 191 129 104 163 131 120 183 158 150 176 192 179 199 173 184 37 111 175 171 68 99 82 130 118 119 162 178 126 172 181 156 103 143 50 147 87 167 127 140 116 157
200 81 110 180 187 136 197 67 117 44 73 146 196 153 186 112 185 138 161 151 90 107 139 102 159 152 170 168 191 193 88 104 163 131 120 183 158 150 176 192 78 133 179 177 199 72 173 75 148 53 188 175 171 190 99 121 82 166 198 118 125 178 162 84 96 172 149 155 181 103 143 113 124 18 194 147 167 144 87 140 157 142
116 200 35 114 55 81 142 134 180 160 32 49 136 197 145 189 182 164 196 186 185 109 151 107 139 128 70 152 63 170 191 193 129 104 91 183 158 150 176 192 122 105 133 177 179 148 137 188 92 154 175 190 99 98 121 198 166 178 162 39 172 181 156 143 40 113 124 27 174 194 167 165 144 132 127 100 157
169 200 114 134 195 180 160 187 136 197 189 182 164 153 196 112 185 138 61 161 151 107 139 128 102 70 152 63 54 168 86 191 104 170 193 120 183 192 150 176 101 133 179 199 75 173 184 148 137 188 83 154 175 190 68 99 82 198 130 125 118 162 39 178 108 181 156 143 93 50 174 194 167 144 100 157
169 200 114 20 195 60 180 160 197 117 146 182 196 153 186 112 164 185 138 94 139 128 159 168 191 163 129 62 131 183 158 192 176 177 179 199 75 173 184 111 188 92 154 175 190 99 121 82 85 166 198 178 162 108 172 149 181 155 103 156 143 48 174 194 167 147 165 127 116 100 134
110 197 67 117 73 182 164 196 115 112 185 186 151 139 86 168 191 104 158 150 176 179 177 199 173 148 111 188 92 125 162 84 95 172 71 156 93 124 194 167 144 127 116 140 157 169 79 200 195 180 187 135 189 146 106 109 161 107 57 128 159 70 88 163 129 120 192 101 133 72 184 37 137 154 175 190 99 121 198 166 89 178 149 155 181 143 174 165 142 134
56 123 114 110 136 197 117 145 73 182 196 164 153 185 90 86 168 191 158 150 176 179 52 177 173 111 148 188 92 171 98 130 119 162 77 126 172 103 156 124 194 147 132 116 100 157 169 79 200 195 180 141 160 187 189 74 138 94 161 107 57 159 152 170 193 163 129 131 120 192 78 105 133 184 137 53 154 83 175 99 166 178 149 155 143 113 174 165 134
169 200 110 195 180 141 160 187 197 145 135 44 73 189 182 196 164 186 153 185 138 46 139 128 57 152 54 168 191 170 193 163 131 183 158 150 176 192 101 122 133 179 184 148 137 188 154 175 190 68 198 166 119 178 162 77 181 124 174 194 167 165 132 140 157 134
114 136 117 197 182 196 164 186 112 115 90 168 104 91 183 158 150 176 122 177 199 179 173 188 43 171 98 85 82 119 125 162 77 172 108 156 76 124 26 147 87 144 127 140 157 132 169 200 195 180 141 187 135 31 189 146 74 138 106 109 94 57 102 159 152 128 170 193 88 163 129 131 120 192 72 184 154 47 175 190 121 198 166 51 155 181 143 174 97 165 142 134
169 200 123 81 134 195 141 160 187 145 182 164 153 74 112 161 139 159 63 168 191 170 193 129 91 131 120 158 192 176 101 78 105 179 199 177 173 184 148 188 154 47 175 69 190 98 121 166 198 130 125 162 51 172 149 181 65 194 167 165 144 127 116 157 100
123 105 195 179 52 180 137 187 53 67 171 121 166 82 196 130 186 119 96 95 151 90 155 159 152 93 21 168 86 174 129 163 165 144 183 87 116
169 200 114 110 195 180 160 197 146 182 196 189 186 138 185 109 29 161 151 139 102 159 128 152 86 191 193 88 129 120 183 158 150 176 101 179 199 177 173 184 148 188 171 190 82 198 118 125 119 130 84 51 7 95 172 71 149 66 156 143 40 93 124 174 194 147 165 127 142
56 55 110 136 197 117 145 182 196 164 186 112 185 151 90 139 168 191 104 91 183 158 150 176 177 199 173 188 171 85 130 119 125 162 84 95 126 71 156 93 50 124 194 167 87 147 132 140 100 144 116 169 195 180 141 160 187 49 135 146 74 138 61 94 161 159 152 170 193 163 192 101 105 24 184 37 53 83 175 190 99 198 89 80 178 51 149 155 113 65 97 174 165 142 134
169 200 122 195 179 173 188 92 136 117 175 190 171 121 198 182 196 153 186 166 162 96 151 149 181 155 172 152 65 170 191 193 174 194 91 131 144 183 140 192 134
169 200 195 60 180 141 160 187 136 197 45 135 31 73 189 182 196 115 186 164 185 64 153 74 138 29 161 139 57 128 159 152 170 191 193 88 104 129 163 131 120 158 192 176 133 177 199 179 173 75 184 111 53 175 171 69 190 85 198 118 119 162 84 51 95 126 172 71 108 76 93 124 174 194 147 144 132 142 157 134
114 60 136 117 45 197 182 196 115 186 164 185 151 90 139 168 191 104 183 150 179 199 177 173 75 148 188 171 43 85 82 118 125 162 172 71 124 194 147 87 144 132 140 100 167 169 116 157 200 195 180 160 187 31 146 189 106 94 107 128 159 152 70 170 193 88 163 131 192 101 78 105 133 184 137 53 154 83 175 190 121 198 166 178 96 149 181 155 143 113 65 174 165 134
42 142 123 35 134 195 30 180 141 187 197 67 145 135 189 182 164 115 196 186 185 153 138 106 94 29 161 151 139 128 152 170 168 191 193 163 104 183 158 192 176 122 105 177 199 173 75 184 148 137 188 92 53 154 190 99 98 198 89 166 130 118 178 162 95 126 155 181 66 143 93 174 97 194 167 147 144 132 140 157 116
169 200 114 110 195 60 180 141 160 187 136 197 117 145 135 31 189 182 196 153 186 112 146 74 106 161 151 128 159 70 152 170 191 193 104 120 183 192 150 101 122 105 133 179 199 52 75 148 188 83 154 171 175 85 166 89 118 130 119 198 80 178 95 149 181 103 156 143 48 59 113 124 174 194 147 167 165 132 127 157
169 79 200 81 110 141 160 187 136 135 189 182 196 115 186 153 29 161 128 70 86 170 191 168 193 131 120 158 192 176 105 133 52 199 173 184 92 175 190 69 68 41 36 166 198 130 80 162 77 95 149 71 172 143 59 194 142 140 100 134
169 134 123 110 195 180 141 187 136 197 135 146 182 164 115 186 189 185 138 106 109 161 151 128 152 170 191 193 163 104 183 192 101 78 122 105 133 173 184 111 148 188 154 175 190 198 166 125 119 162 39 84 178 80 126 172 149 155 181 156 143 59 174 97 194 147 165 142 116 140 100
169 200 116 142 110 195 134 180 141 160 187 136 67 197 117 135 73 146 182 164 153 186 112 185 189 138 106 161 139 128 159 152 170 168 88 163 104 129 131 183 192 150 101 78 133 179 199 28 173 184 148 111 188 92 137 154 47 175 190 98 83 166 118 130 178 162 80 172 149 181 155 156 93 113 124 97 174 194 167 132 127 157 140
169 200 127 165 110 195 142 134 180 160 136 197 189 182 196 115 186 112 185 164 153 146 138 109 161 151 90 139 128 159 102 152 170 191 193 163 129 62 131 120 158 192 105 177 199 184 148 137 47 190 68 98 82 85 166 198 125 162 84 51 95 108 172 149 181 155 156 143 113 174 97 194 167 87 144 147 140 157 100
200 114 123 110 55 195 180 141 160 136 197 44 31 146 182 164 196 153 138 185 109 161 151 139 102 128 159 70 170 168 191 129 163 158 192 176 101 177 199 173 184 148 111 188 137 154 171 175 190 99 98 121 198 166 118 80 178 162 77 95 172 149 155 103 156 143 113 65 174 97 194 167 87 140 100 116
79 114 180 141 160 117 67 197 73 146 164 153 115 112 185 74 138 106 161 151 90 139 102 170 168 193 88 129 183 158 150 176 192 105 133 177 199 179 72 173 111 137 188 175 171 190 99 121 198 89 118 119 130 162 39 51 126 108 149 181 143 48 93 124 194 147 165 142 157
157 195 141 160 187 117 135 146 182 74 196 115 185 109 61 161 128 159 170 191 193 163 183 158 101 176 58 177 199 75 184 137 188 83 175 190 171 121 198 166 119 178 96 149 181 155 156 113 124 174 167 132 116 134 142
169 176 123 150 100 180 184 141 160 187 148 188 175 135 146 82 164 196 85 106 109 198 166 151 149 143 159 93 21 170 193 124 174 194 147 167 120 183 192 158
100 55 133 52 199 179 173 160 137 154 175 99 189 164 196 138 186 185 106 61 94 178 162 108 155 102 57 152 168 191 174 163 129 147 183 192 150
200 123 141 160 197 145 135 189 164 196 186 115 185 74 109 61 94 151 107 139 159 168 191 193 163 131 183 192 150 122 133 177 184 188 175 171 68 85 198 166 118 130 95 172 155 181 66 76 50 124 194 147 165 144 127 140 157
169 200 114 134 195 60 180 141 197 189 182 74 115 153 185 64 151 107 128 159 102 152 170 168 191 193 88 104 120 183 192 150 176 101 78 122 105 133 177 199 179 173 184 111 188 83 171 36 121 198 166 118 130 125 162 178 96 25 172 149 156 76 143 174 167 87 165 127 142 157 100
169 114 110 195 160 135 146 189 196 182 185 139 57 128 152 168 191 131 120 183 158 192 150 58 177 52 133 199 179 184 137 154 83 175 190 99 198 178 119 162 96 155 66 156 143 113 124 194 147 144 132 140 157
169 200 114 79 142 195 134 141 160 197 117 145 44 189 182 196 153 115 186 164 138 109 161 151 107 102 159 57 63 170 191 193 88 104 91 163 131 183 192 101 176 78 105 133 177 199 179 173 184 148 137 188 154 83 175 190 98 121 85 130 118 178 162 51 95 108 172 149 155 181 143 93 65 124 174 194 167 165 144 127 140 157 116
79 123 180 160 187 135 145 189 182 74 153 186 146 161 151 139 159 152 191 129 163 91 131 192 101 78 176 133 179 173 75 37 188 41 171 190 68 99 98 118 178 162 77 172 103 93 174 147 165 167 134 157
101 200 123 195 72 184 160 92 175 136 45 117 121 198 189 196 186 119 185 162 112 126 71 155 143 128 40 159 152 76 193 194 104 144 142 140 192 150
60 136 197 117 67 45 182 196 164 186 185 139 168 191 91 183 158 150 176 122 177 52 199 179 173 188 69 98 85 130 125 162 84 95 108 71 172 156 93 34 194 147 167 144 127 140 100 157 169 200 116 81 195 180 141 160 187 135 189 138 109 161 128 152 170 193 129 163 131 120 192 101 78 133 137 175 190 99 198 89 166 178 149 155 143 40 174 165 142 134
81 180 141 160 187 197 117 135 164 112 109 161 90 139 159 70 193 191 163 131 120 62 150 78 122 179 177 188 83 175 190 171 36 166 118 80 149 181 103 143 113 97 147 165 132 157
123 110 136 117 197 196 153 115 186 185 90 86 54 191 168 63 104 91 183 158 150 176 122 179 199 177 173 75 188 36 85 82 118 162 84 95 103 156 76 124 194 167 147 132 140 100 157 169 200 79 127 141 160 187 189 138 109 94 161 128 159 152 70 170 193 129 163 131 120 192 78 184 137 53 154 175 190 121 198 89 166 178 149 181 143 165 134
157 56 114 200 81 195 142 180 187 117 45 145 197 135 73 146 182 196 153 186 112 185 164 189 106 61 94 102 159 152 54 168 191 163 91 120 158 150 176 192 101 177 199 179 173 184 111 137 188 83 175 190 36 98 198 89 125 80 162 178 172 108 149 66 181 103 155 143 113 124 167 42 87 147 116 100 127
169 56 200 81 180 136 197 67 164 186 109 185 94 151 90 152 168 193 129 163 131 120 62 158 176 105 133 199 184 173 175 190 68 198 178 162 51 172 108 143 156 15 124 97 194 147 167 100
142 200 114 134 110 195 60 141 187 136 135 189 182 196 115 186 138 106 94 161 151 90 128 152 170 191 163 120 183 192 101 176 78 122 133 177 199 179 184 148 137 188 154 83 171 175 190 99 198 166 118 130 178 162 126 172 149 181 103 113 124 97 194 167 87 144 127 42 100 165
176 140 123 105 180 173 141 160 187 92 136 197 145 121 146 182 164 153 138 85 89 119 162 96 84 126 172 149 155 143 128 159 152 124 193 129 194 147 120 116 158 134
140 169 123 114 165 195 142 134 180 141 197 117 145 135 44 146 182 196 153 186 189 185 64 109 161 151 107 139 128 159 170 168 191 193 88 129 91 163 120 183 158 192 176 122 105 133 177 179 199 173 111 148 137 53 154 171 190 82 166 89 198 125 119 162 178 77 126 108 181 155 143 93 65 124 27 174 194 97 147 167 87 144 116 157 132
110 182 186 112 185 139 168 183 179 177 75 85 126 108 156 103 59 144 127 116 100 200 79 20 195 187 135 189 138 152 170 129 120 133 184 137 154 190 121 113 165 55 123 114 117 197 145 196 191 62 150 199 173 148 188 98 162 76 194 167 147 132 140 180 160 44 74 102 159 128 192 101 175 166 198 178 96 155 134
169 200 123 81 114 160 187 197 145 146 182 196 164 138 186 115 106 61 151 128 102 152 13 86 170 191 88 168 91 192 150 78 122 177 179 184 173 92 190 68 166 198 130 119 178 96 95 126 108 181 155 103 143 156 93 65 97 174 194 147 87 144 142 165 100 140
157 200 134 110 105 133 160 148 188 175 197 190 31 198 182 196 166 186 138 185 119 125 84 77 107 90 139 156 113 170 124 193 191 174 147 131 120 183 140 158 192
123 114 110 32 136 117 45 145 182 164 196 186 112 185 151 90 139 86 191 62 183 158 150 176 179 177 199 75 173 188 171 118 125 119 162 84 95 126 172 66 103 156 124 27 194 147 144 132 116 100 140 157 200 79 81 169 195 180 141 160 187 135 74 138 106 109 61 94 161 128 159 170 193 88 129 163 120 192 101 78 184 37 154 83 175 190 99 121 166 14 178 149 181 143 113 174 165 142
123 110 60 30 136 197 117 145 182 164 153 186 115 185 196 112 151 139 86 168 191 91 183 158 150 122 58 179 199 173 111 188 43 98 130 118 119 162 126 108 172 156 93 124 194 147 87 167 132 144 157 140 169 79 200 81 180 141 160 187 135 189 146 138 109 161 159 152 170 193 163 131 120 192 78 133 72 184 137 175 121 198 166 178 96 181 155 143 40 174 165 142 134
114 123 60 136 197 117 145 73 164 115 186 112 185 196 151 139 54 168 191 104 62 183 158 150 176 122 177 179 199 75 173 148 188 171 98 82 119 125 162 126 172 108 76 124 194 167 147 144 127 116 140 169 200 195 180 141 160 187 135 44 189 74 138 106 61 161 107 128 152 170 193 129 163 131 120 101 78 105 133 24 137 154 83 190 166 89 198 178 149 155 181 174 142 134
123 110 136 117 67 145 182 196 115 164 186 185 153 151 139 86 191 183 158 150 176 122 177 199 179 173 75 148 111 188 171 130 119 162 172 108 66 103 93 87 144 127 140 157 132 169 200 100 81 195 180 160 187 49 135 146 189 138 106 161 107 128 159 152 70 193 129 120 192 101 105 133 137 154 83 175 190 99 121 198 80 178 96 51 149 181 143 113 97 174 165 142 134
114 110 60 136 117 182 196 164 186 185 90 139 168 191 104 91 183 158 150 176 122 58 177 199 179 173 111 148 188 92 171 68 98 82 85 130 119 125 162 118 126 108 172 156 93 124 194 147 87 167 132 116 157 140 169 200 81 195 141 160 187 146 74 138 106 109 61 94 29 161 107 102 159 152 193 129 192 72 184 154 47 175 190 99 198 89 166 178 96 149 181 143 48 113 174 165 142
56 114 117 197 145 182 196 153 164 186 185 115 151 139 54 168 191 86 91 183 158 176 122 179 173 148 188 171 98 85 82 130 125 162 77 95 126 172 108 156 194 147 87 132 140 116 169 195 180 141 160 187 31 189 146 74 109 94 161 107 57 102 152 170 193 163 129 131 192 133 184 37 137 154 175 190 121 166 178 149 155 181 48 113 174 97 165 142
169 56 200 79 110 195 180 141 160 187 117 197 135 146 182 196 115 186 164 185 74 138 106 109 151 102 152 63 54 170 129 104 131 158 192 78 122 105 58 177 199 179 133 184 37 111 148 188 154 99 82 166 89 118 130 178 162 51 77 126 108 172 71 149 155 181 143 124 97 174 194 147 167 132 140 157 142
56 123 110 30 197 145 182 164 153 186 196 185 64 151 90 139 168 191 104 183 158 176 122 179 177 199 75 111 148 188 41 171 69 98 130 119 162 84 95 172 108 156 103 124 194 147 167 144 140 169 200 195 180 141 160 187 189 138 106 109 161 107 102 159 152 170 193 88 129 163 192 78 105 184 137 154 175 190 121 198 89 178 149 181 155 143 113 174 97 165 142 134
110 60 136 197 145 182 164 115 186 153 185 196 151 139 168 191 104 91 183 150 176 177 179 199 173 111 188 92 171 69 68 85 130 125 118 162 77 126 108 172 156 103 50 124 194 167 147 144 127 116 100 140 157 200 169 81 195 180 141 160 187 146 74 109 61 161 107 102 159 70 170 193 163 131 192 78 105 184 137 154 175 190 121 198 166 89 80 178 96 149 181 155 143 65 174 142 134
169 200 123 35 116 195 142 60 134 180 141 160 187 136 117 197 145 135 146 189 164 153 115 186 185 112 138 109 29 94 90 139 102 159 152 63 86 191 170 193 104 163 129 120 183 158 150 176 192 101 78 105 179 199 177 173 184 111 188 175 171 190 198 125 178 95 126 172 155 66 143 48 50 124 174 97 194 26 147 127 132 157 140
176 35 195 173 148 154 136 117 190 145 135 171 197 189 198 74 182 196 178 162 94 77 161 181 90 128 70 152 97 129 91 144 183 157 100
169 200 56 81 110 180 187 136 197 145 182 196 164 186 185 151 159 152 170 131 183 192 101 158 122 105 58 133 199 179 28 173 111 188 175 171 190 198 166 118 162 95 172 155 181 149 143 156 97 194 147 165 116 157 134
169 79 110 180 141 136 145 189 182 74 196 153 185 151 102 57 159 152 170 86 193 191 163 168 120 183 158 192 179 199 72 177 173 154 188 175 190 85 118 119 172 149 124 174 194 167 165 142 140 157
169 200 195 180 141 187 136 197 135 196 115 106 151 90 46 159 152 170 168 193 191 104 62 183 158 150 176 122 179 72 148 137 188 53 111 190 171 68 69 98 125 96 95 155 181 156 143 113 124 194 165 132 116
176 200 114 78 134 133 177 116 160 187 137 188 136 197 175 145 190 69 121 189 198 82 80 94 95 149 181 128 93 170 193 191 194 147 165 167 183 142 140 150
56 114 81 110 195 180 141 136 67 197 44 145 135 73 146 182 164 153 186 138 109 189 161 151 139 128 152 170 193 88 163 129 104 191 183 192 150 105 179 199 92 198 89 82 118 178 162 77 95 172 181 156 113 124 174 194 165 144 116
169 200 123 35 114 195 180 141 187 49 67 73 189 182 164 196 186 153 185 115 146 138 94 107 139 57 159 152 191 163 91 131 120 183 158 192 78 105 58 179 199 177 184 148 23 188 154 175 190 98 118 178 162 96 126 172 149 155 156 103 143 93 113 97 174 194 147 167 165 132 127 100 140
200 110 195 160 187 197 189 146 196 153 182 74 109 115 186 151 128 159 13 170 193 104 183 158 150 176 58 133 184 148 111 188 92 175 190 171 198 166 118 119 125 162 77 172 155 108 76 103 124 165 87 140 157 134
55 123 110 136 197 45 117 145 164 196 186 115 185 112 151 90 139 86 168 191 104 183 158 176 122 177 199 179 173 148 188 92 85 130 125 162 126 108 50 124 194 167 127 140 100 116 169 200 81 195 141 160 49 135 146 189 138 106 161 159 170 38 129 163 131 105 133 184 154 83 175 190 121 198 89 166 178 51 149 155 143 174 97 165 142 134
114 136 197 73 182 196 153 186 164 151 90 139 63 54 191 183 158 122 179 177 199 75 173 148 111 188 92 171 85 118 125 130 162 84 126 108 172 66 103 124 194 147 87 167 127 140 100 157 169 116 132 200 195 180 141 160 187 135 146 189 74 138 106 109 61 94 161 102 159 128 152 170 193 88 163 129 120 101 105 133 72 184 137 154 175 190 121 166 198 178 96 149 181 155 97 142 134
116 200 55 81 67 44 135 73 146 182 164 196 186 185 94 168 193 163 183 192 150 78 176 122 133 52 179 111 188 154 190 166 89 125 162 108 155 172 149 194 165 87 144 142 140 157
169 200 81 110 195 180 160 197 145 189 182 146 153 138 112 151 128 159 152 170 191 163 129 183 158 176 133 179 177 72 52 184 173 111 148 137 154 175 171 190 83 198 130 178 119 162 96 172 155 66 76 34 59 174 97 194 147 87 116 157 134
114 123 136 117 67 145 197 182 196 153 186 112 164 115 185 151 139 54 168 191 86 183 158 150 176 122 177 199 75 173 148 188 92 43 171 69 130 119 125 162 84 118 71 124 194 147 167 144 132 140 157 116 169 200 127 81 195 180 141 160 187 135 189 74 138 106 57 128 152 170 21 193 129 192 133 184 154 166 89 178 80 181 143 113 174 165 142 134
114 110 136 197 145 182 196 115 186 112 185 153 151 139 168 191 91 183 176 179 173 148 111 188 171 68 98 82 85 118 125 130 162 84 95 108 156 124 194 26 144 127 140 132 200 79 195 180 141 160 187 135 44 146 138 109 61 161 107 128 159 102 152 170 193 38 129 163 88 131 192 101 133 184 137 154 175 190 166 14 178 96 51 155 181 143 174 97 165 142 134
169 200 123 110 195 180 141 187 136 197 67 135 44 146 182 164 196 186 112 185 189 138 109 90 139 102 128 152 70 170 191 193 163 91 131 183 158 192 176 101 78 122 133 179 199 72 184 111 148 188 92 83 171 175 190 82 85 166 130 119 198 178 84 80 96 33 126 172 108 149 181 156 113 174 194 167 165 144 127 132 142 134
56 114 123 110 67 117 145 182 164 153 186 112 185 196 191 183 158 176 122 52 179 177 199 75 173 148 188 171 82 130 119 125 118 162 77 126 108 172 156 76 93 194 144 127 116 100 157 169 200 195 180 141 160 187 135 189 146 106 61 29 161 107 46 57 128 159 152 70 193 163 120 192 101 72 184 137 154 175 190 99 121 166 89 198 178 149 181 143 48 113 65 174 97 165 142 134
169 200 81 110 195 60 180 141 160 187 197 117 135 145 189 182 196 153 115 112 138 146 161 107 139 57 128 159 152 170 168 193 88 163 131 183 158 150 78 176 192 122 105 133 179 177 52 199 173 37 148 154 188 175 171 190 198 89 130 125 119 118 162 178 95 126 149 155 103 156 93 50 124 174 97 167 165 144 116 140 157
169 200 114 123 165 195 142 134 141 187 197 145 44 189 182 164 115 196 112 185 138 106 94 161 151 128 159 152 70 170 168 191 193 163 131 120 158 192 179 199 52 72 173 184 188 154 175 171 99 82 198 89 130 125 166 162 178 108 172 155 181 156 143 113 194 167 147 144 127 140 157 132
169 200 123 195 187 136 197 146 182 196 153 186 106 185 94 151 128 159 102 152 170 168 191 193 104 62 183 158 78 133 177 199 179 173 148 188 92 171 198 130 119 80 178 162 77 25 155 66 156 143 124 174 167 147 140 157 134
200 195 180 141 187 197 67 44 182 164 153 138 112 186 151 90 139 102 152 21 168 191 54 192 176 173 17 148 188 47 175 190 171 98 198 130 178 84 149 181 155 103 93 65 194 167 165 147 134 100
176 200 195 179 199 177 173 137 117 190 98 166 189 164 196 80 186 162 181 71 156 102 152 34 170 193 174 163 167 91 142 132 192 150
169 200 114 123 79 195 160 187 136 135 182 164 153 185 161 151 102 70 170 168 88 129 183 158 192 177 199 137 175 190 85 198 130 178 162 108 172 181 155 147 87 144 157
169 56 35 123 110 60 189 182 164 138 112 186 29 151 46 107 90 57 170 168 191 129 150 199 173 184 137 154 22 83 171 121 166 96 95 172 155 156 103 93 174 127 116 140
169 200 114 79 81 195 134 180 141 160 187 136 145 135 31 189 182 196 164 186 112 185 146 74 138 94 161 152 170 191 163 120 183 158 101 176 122 105 133 177 179 173 184 148 111 188 137 53 154 175 99 98 121 198 118 125 119 162 84 178 77 80 96 172 108 149 181 156 103 143 113 124 174 167 165 144 132 116 157 140
169 114 123 195 160 187 136 197 117 44 73 182 196 164 138 106 153 185 161 90 159 152 170 168 193 191 163 54 120 183 192 176 173 154 188 175 190 68 198 130 125 96 84 162 108 181 149 156 103 143 48 93 65 174 97 194 165 144 132 157
123 114 35 197 145 164 153 186 112 185 90 139 86 191 104 183 158 52 199 12 177 179 173 148 188 171 85 82 130 125 119 162 39 84 108 103 76 59 124 87 144 132 140 127 169 200 81 195 180 141 187 49 135 189 146 138 106 161 102 159 152 170 193 163 129 131 120 192 78 105 184 137 154 47 83 175 190 99 121 166 198 178 80 149 155 143 40 174 165 142
114 55 30 32 136 197 117 145 182 196 115 164 112 185 64 153 151 90 139 54 63 168 86 191 104 91 183 158 150 176 122 177 199 179 173 75 148 188 82 85 130 125 84 77 95 126 172 108 156 103 34 124 167 147 144 127 157 200 195 160 187 135 189 146 138 106 94 161 107 128 159 70 170 193 88 129 163 131 120 192 184 137 175 190 99 121 166 198 96 155 181 143 174 165 134
136 67 197 145 196 153 186 164 185 151 86 168 104 91 183 158 150 176 122 179 199 177 173 111 188 171 130 162 77 126 172 103 156 59 50 124 10 194 167 147 144 132 140 157 79 195 180 141 160 49 135 146 189 138 109 161 128 159 102 70 152 170 193 163 129 192 105 133 72 184 154 175 190 99 121 166 89 178 96 149 181 155 174 165 142 134
81 195 180 117 145 196 164 185 161 139 128 159 102 152 70 168 163 131 192 101 176 122 177 199 179 173 184 148 154 175 190 98 85 130 118 162 108 143 174 27 194 144 127
