200 200
56 123 55 110 197 67 117 73 182 164 115 153 196 185 90 139 63 168 191 62 183 158 150 58 179 199 28 173 111 148 188 92 171 69 82 119 125 162 39 126 172 66 156 93 50 194 147 167 144 127 132 157 140 100 200 81 195 160 187 49 189 146 74 138 109 61 46 159 38 163 129 88 192 101 78 72 8 184 154 175 190 99 121 166 89 198 14 3 178 96 80 149 181 65 174 97 165 142 134
56 114 123 30 6 67 117 197 73 182 164 115 153 112 185 139 86 168 191 183 158 150 176 122 52 179 199 173 23 188 92 171 69 68 36 98 130 162 39 77 172 71 66 156 124 194 147 87 132 116 157 140 169 200 16 180 160 31 146 189 138 109 94 107 128 159 102 152 70 193 129 163 131 120 192 78 105 184 137 53 154 175 198 166 89 149 181 155 174 142 134
169 200 123 60 180 141 160 187 136 197 145 164 153 186 138 106 61 107 152 170 129 104 122 179 199 173 53 154 171 99 121 198 82 130 80 125 162 126 172 149 71 156 103 76 65 127 116 132 134
200 79 195 141 160 187 197 117 45 145 44 73 135 164 115 196 112 185 186 64 74 161 151 102 70 86 170 21 193 88 104 62 120 192 101 122 179 72 28 75 111 188 154 41 171 43 69 68 47 175 190 130 118 125 119 39 162 77 95 51 126 172 149 181 143 113 10 194 167 147 87 132 116 165 142
123 122 60 199 180 184 141 160 148 137 175 197 190 135 43 68 98 146 182 196 153 164 121 198 130 178 119 96 84 181 128 59 113 168 97 174 163 167 183 127 134 150
114 110 136 197 117 145 73 196 164 186 153 90 13 86 168 191 104 62 150 122 179 199 75 148 188 92 41 118 119 162 77 172 71 76 93 18 194 147 167 144 132 116 42 87 169 79 180 160 187 19 44 189 138 106 29 94 161 107 159 21 170 193 38 163 88 129 131 120 192 78 105 133 72 24 184 37 175 190 166 198 80 96 51 33 149 181 155 143 48 113 65 15 174 165 142 134
144 200 55 165 110 195 134 180 160 117 197 145 135 44 9 146 196 164 186 112 185 74 109 161 139 170 191 129 158 150 176 192 78 122 105 179 199 72 173 184 37 111 148 188 92 22 171 69 190 99 98 121 82 166 89 130 119 118 162 178 96 95 33 126 108 149 181 66 156 143 59 113 65 124 194 147 42 167 132 140 116 157
55 114 110 60 136 117 67 145 196 164 186 185 151 90 139 86 63 191 183 158 150 122 52 179 199 28 148 188 171 68 98 85 118 125 130 162 84 77 95 126 108 172 156 10 87 144 127 140 157 100 169 200 180 135 146 189 138 106 109 107 46 102 128 70 152 170 193 88 129 163 131 120 192 83 154 175 190 99 121 166 178 181 155 143 113 97 165 134
5 200 110 180 187 136 117 146 182 189 164 112 185 161 151 139 193 163 129 120 150 176 184 111 148 121 98 166 118 178 130 162 80 95 149 143 59 113 124 174 144 142 116 157
169 123 35 195 60 141 160 136 67 189 153 106 61 139 128 159 152 170 193 104 91 131 120 158 101 192 52 184 23 190 68 99 98 121 85 178 84 71 66 93 50 124 174 147 87 167 142 157
169 56 110 195 180 187 197 117 67 44 196 115 186 112 185 106 107 128 159 191 38 163 120 192 176 122 179 199 173 148 188 171 190 198 85 89 118 51 33 95 126 103 59 113 174 147 165 127 142 134
114 35 55 30 136 197 45 145 6 67 182 164 112 185 90 168 191 91 158 150 176 122 177 52 199 28 75 148 188 92 41 171 11 36 118 125 130 162 84 172 156 103 93 2 27 124 147 167 144 127 140 157 100 200 195 141 187 135 31 189 74 138 109 61 94 107 57 159 128 152 170 21 193 88 163 131 101 105 133 72 37 137 53 47 175 190 99 121 198 166 178 33 149 181 155 143 48 113 65 174 97 165 134
169 56 114 55 79 200 195 136 197 189 146 153 186 138 106 61 151 90 57 159 63 168 191 54 170 129 163 62 183 192 78 122 133 179 199 75 173 148 111 188 23 83 171 69 175 190 121 82 166 89 125 80 162 178 96 77 33 172 71 108 149 181 156 143 34 124 97 194 167 87 147 100 157
169 78 55 122 157 195 179 72 184 160 187 111 137 47 197 190 145 135 189 85 164 153 138 196 185 64 118 125 80 96 130 162 172 143 48 70 167 165 100 101
56 114 123 110 79 195 60 141 160 187 197 135 189 196 186 185 61 94 151 90 102 128 159 152 170 168 193 88 129 163 91 120 183 192 176 177 199 173 184 148 188 92 154 190 121 89 118 125 178 162 77 95 126 172 71 149 155 181 76 143 48 59 50 113 124 194 167 144 127 140 100
123 55 110 60 136 197 145 196 153 186 112 185 151 139 54 86 191 104 150 176 122 58 179 199 173 148 69 98 82 118 39 126 108 71 76 59 50 124 18 194 87 144 132 140 157 100 169 79 200 195 180 141 160 187 49 189 138 109 161 107 152 170 193 88 163 129 38 131 101 78 105 133 184 37 53 190 99 166 89 198 178 80 96 51 33 149 181 155 143 113 65 174 165 142
123 114 55 60 32 197 182 196 153 112 185 64 13 86 168 191 91 62 183 158 176 58 179 199 52 173 75 111 171 98 118 130 125 162 77 108 172 156 124 27 26 194 167 87 144 132 140 100 157 169 200 79 20 81 195 180 141 160 135 31 146 138 94 161 107 46 102 159 128 152 193 88 129 163 120 105 133 72 184 37 137 53 154 83 190 121 198 166 178 80 96 149 181 143 113 65 174 165 142 134
56 16 114 123 160 197 135 189 182 112 185 29 46 139 128 159 54 193 129 104 91 62 183 158 150 176 122 52 199 184 173 137 111 188 41 190 98 89 118 125 149 181 143 103 40 48 93 124 97 165 132 157
56 123 200 110 160 187 197 45 145 9 189 146 74 106 185 64 139 102 152 70 104 131 120 158 176 122 179 184 75 148 92 175 190 41 98 118 119 96 162 48 93 165 144 142 87
169 200 123 79 195 180 141 136 67 189 182 164 115 153 112 146 74 109 29 161 139 159 152 86 191 163 104 91 120 158 150 192 101 78 105 133 199 148 137 83 47 175 43 22 99 121 166 89 118 3 162 84 126 103 143 59 124 27 97 194 174 165 132 142 157 134
110 30 32 197 117 182 196 153 115 112 185 164 151 90 139 168 191 183 158 150 176 177 199 179 148 111 188 43 69 11 85 118 130 119 84 77 95 25 126 108 172 103 59 34 194 167 42 132 140 157 116 169 200 79 81 180 141 187 135 189 146 106 109 61 94 161 107 128 159 152 70 193 88 129 120 192 105 133 72 184 37 137 53 83 154 175 190 121 89 178 174 165 134
169 55 81 123 180 187 49 136 197 145 146 182 196 153 138 185 94 107 102 128 159 152 86 168 62 183 101 122 105 179 199 111 188 92 175 190 121 198 89 119 84 77 95 181 103 194 144
165 56 123 200 110 195 142 30 180 187 136 197 145 135 189 164 196 186 153 185 61 161 151 90 107 139 57 159 70 54 168 191 86 21 170 91 193 38 183 129 158 120 192 122 105 133 199 72 28 173 184 188 83 171 98 198 125 119 162 80 96 51 95 126 108 149 76 103 156 143 27 174 194 26 167 147 144 127 140 116 97
169 79 55 20 60 141 160 32 117 135 73 189 182 196 115 138 106 185 112 94 161 151 139 128 159 57 170 168 191 88 193 176 122 133 177 179 199 137 188 22 190 198 119 95 126 108 155 149 66 156 113 194 167 87 144 140
55 60 30 136 197 145 182 164 115 196 112 185 90 139 54 168 191 104 91 183 158 177 199 179 173 148 111 188 92 36 130 125 84 77 95 126 172 66 76 103 93 50 34 59 124 27 18 26 194 147 42 144 132 127 100 116 169 87 167 195 160 187 135 44 146 189 74 138 106 161 57 159 128 170 21 193 88 129 163 131 192 105 133 184 53 83 154 175 190 99 198 166 89 178 149 143 97 142
114 55 110 30 117 145 182 196 153 185 64 86 191 104 183 158 150 58 177 179 12 52 75 148 188 43 69 36 82 85 130 125 118 162 126 108 71 103 76 59 93 124 167 87 144 116 140 169 200 180 141 187 135 138 106 109 29 161 46 128 159 102 70 152 170 193 88 192 101 78 105 72 184 137 154 22 175 190 99 121 166 178 96 51 33 149 155 113 65 97 165 142 134
169 142 55 114 123 195 134 180 141 49 136 135 182 164 153 115 112 185 186 61 29 107 159 152 63 170 193 91 131 120 183 158 176 122 105 133 177 179 24 28 173 184 111 53 154 47 41 171 175 36 190 99 121 85 89 118 119 178 39 95 172 71 149 155 143 48 113 194 147 87 165 132 140 157 116
123 195 30 180 187 197 135 189 182 164 196 153 138 185 106 29 161 107 90 46 86 168 193 104 91 62 131 120 158 150 176 192 101 179 199 173 184 111 137 154 171 43 36 190 98 99 82 121 198 130 119 125 118 178 51 95 126 172 71 108 155 103 40 48 34 174 97 165 140 116
55 114 81 195 160 197 145 73 189 182 196 153 186 112 138 151 139 128 159 13 54 168 191 170 193 104 131 150 78 179 199 177 75 184 111 137 47 99 98 166 89 14 130 119 118 162 39 198 51 126 172 155 181 66 156 93 113 124 174 194 26 87 144 132 127
123 114 136 197 117 73 182 164 115 196 153 185 112 151 90 139 13 54 168 191 104 91 150 122 177 179 173 111 188 171 98 85 119 162 95 126 172 103 59 93 27 194 167 147 87 132 140 157 144 200 81 180 141 160 187 49 146 74 138 61 46 102 159 57 70 170 21 193 163 129 192 24 184 154 190 99 121 198 96 149 181 155 40 97 165 134
116 200 123 16 195 141 19 197 117 145 135 31 189 182 74 153 186 196 161 107 90 128 168 191 104 62 131 192 122 179 199 177 28 184 173 137 53 154 92 83 148 198 118 80 162 108 155 172 143 40 93 124 194 127 140 134 157
200 55 20 110 187 49 197 145 44 73 189 182 74 115 186 106 185 112 109 29 139 57 70 168 193 163 183 158 150 192 122 199 184 188 171 69 99 198 89 118 95 71 155 76 156 113 124 194 147 144 134 100
56 110 60 32 197 67 196 164 153 186 185 64 151 90 139 13 63 168 191 54 104 91 183 158 176 122 52 199 179 177 148 188 92 171 43 85 118 119 162 108 172 50 124 27 194 26 87 144 127 140 157 100 116 200 79 81 132 180 189 138 106 94 161 128 159 102 152 193 163 129 131 101 184 137 53 175 99 166 89 178 96 51 149 181 40 48 113 65 174 97 165 142
123 30 136 197 67 117 182 164 196 186 112 185 115 151 63 168 86 104 158 150 176 177 199 179 28 173 148 188 41 171 68 98 82 118 130 119 125 84 77 95 71 76 156 124 194 167 87 144 127 147 100 157 79 200 195 180 141 160 187 44 135 189 74 106 109 61 57 159 70 88 131 101 78 133 184 37 154 175 121 166 198 80 96 51 33 155 181 143 113 165 142 134
55 110 32 136 197 117 145 73 182 196 153 90 139 63 183 158 150 122 58 179 173 111 148 92 11 98 130 118 119 162 125 84 25 126 103 156 59 124 18 26 194 147 167 144 127 140 157 132 87 200 81 195 180 141 160 187 49 135 109 161 107 46 57 102 159 152 128 193 129 163 192 101 105 133 184 83 121 166 198 89 80 33 149 181 155 143 113 97 174 165 142 134
169 56 114 200 110 79 195 60 180 141 197 67 135 73 146 182 74 153 112 106 64 61 94 161 107 90 139 128 159 86 168 63 170 193 88 163 129 131 183 158 150 176 192 78 58 177 199 133 72 173 184 111 137 53 47 41 171 190 98 119 80 178 96 95 126 108 149 181 155 156 76 48 50 113 174 194 167 144 127 132 157 142
169 200 136 197 145 146 138 186 109 185 61 151 128 70 63 191 91 192 150 122 177 199 83 47 175 171 92 68 99 190 43 166 118 162 7 25 33 126 172 155 108 149 181 76 103 59 113 174 147 165 167 132 116 134
56 123 35 110 60 32 136 197 67 73 182 196 115 164 151 139 63 86 168 54 191 183 158 150 177 179 75 173 188 92 41 69 68 36 98 85 118 119 125 162 84 130 77 172 71 103 93 50 124 18 194 26 147 167 132 140 127 79 200 141 19 187 135 44 31 189 146 74 109 61 94 29 161 107 46 57 159 170 193 88 163 131 192 101 105 72 137 53 154 175 190 99 198 96 33 149 181 155 143 48 97 165 142 134
169 200 195 160 187 136 117 67 145 135 73 189 182 164 115 153 185 64 151 90 139 102 128 63 168 193 191 129 91 158 101 176 122 133 177 52 184 111 137 188 43 190 99 85 198 118 119 178 25 172 155 181 76 103 174 27 167 165 87 127 100
56 110 60 136 117 197 145 73 182 196 164 186 112 185 64 151 86 191 91 183 176 122 58 179 199 177 173 75 148 188 69 98 85 118 130 125 162 84 39 108 156 124 194 147 144 127 132 157 116 140 200 79 81 195 180 160 19 187 135 146 189 138 106 109 61 107 57 102 152 170 193 88 129 163 131 120 192 101 133 83 154 175 190 121 198 166 178 96 51 33 149 181 143 97 174 165 134
169 200 114 81 195 187 49 145 189 196 164 186 153 185 109 61 161 151 70 152 54 168 163 129 91 131 120 192 78 176 122 177 72 173 137 111 188 148 175 171 99 198 82 166 130 125 162 149 155 66 103 143 34 65 10 174 194 147 167 165 134 157
56 123 35 136 117 145 73 164 196 186 185 151 90 139 63 168 86 191 91 183 158 176 122 52 199 12 177 179 148 111 188 41 43 171 68 85 130 125 118 162 126 108 71 172 156 50 124 194 42 144 127 132 100 169 200 79 81 180 135 189 146 74 106 61 161 57 128 70 152 170 193 88 163 129 38 120 192 133 184 17 137 154 22 47 190 175 198 166 89 178 80 51 149 155 181 143 48 113 65 97 174 165 142
123 55 60 32 136 197 145 164 115 186 196 185 151 90 139 86 168 54 63 191 104 91 183 176 122 58 179 177 52 199 173 111 188 41 171 69 68 98 82 118 162 39 77 95 126 108 71 66 156 103 76 50 124 10 194 167 42 144 87 169 195 180 160 187 135 44 9 189 146 138 106 109 61 161 128 102 159 170 21 193 38 129 163 120 192 78 83 47 175 121 166 178 143 113 65 97 165 142 134
157 101 123 114 58 177 199 60 148 53 83 154 187 190 69 171 121 189 196 138 106 162 185 61 128 88 163 129 167 131 127 140 100 134
157 56 35 79 81 195 165 180 141 160 187 136 197 67 117 135 189 164 115 186 109 161 107 139 128 57 70 86 168 63 163 91 183 192 150 101 105 179 12 173 37 23 137 154 83 175 171 190 36 98 121 198 130 125 162 77 95 126 108 172 149 66 181 103 76 155 93 65 174 26 167 87 147 144 116 140 132
169 56 123 35 110 200 81 60 195 134 141 160 187 67 145 135 73 189 182 164 153 115 112 185 64 146 109 161 70 86 168 191 170 88 104 163 131 183 158 192 133 179 173 137 188 83 68 99 121 82 85 198 118 178 96 84 39 95 149 71 181 155 156 65 97 147 42 167 127 132 157 142
123 114 110 55 117 73 182 164 115 186 196 185 64 153 151 139 54 168 86 191 183 158 150 122 177 179 199 173 148 188 92 85 130 125 95 126 172 108 71 156 194 147 167 42 127 140 100 169 200 81 195 180 160 49 44 135 189 74 138 106 109 94 107 102 159 70 152 170 193 163 129 131 120 192 78 133 184 137 53 154 175 190 99 121 198 89 80 51 149 155 181 143 40 113 97 165 142
114 60 136 197 117 145 67 73 182 196 153 186 164 115 185 151 63 168 86 104 91 62 183 150 176 177 179 199 52 12 173 148 188 92 171 82 118 125 119 162 84 130 77 95 108 71 103 156 93 124 27 26 167 147 144 127 116 100 157 169 200 195 180 141 160 19 189 146 74 138 106 109 94 46 128 170 193 163 133 72 184 83 154 175 99 166 89 178 96 51 155 143 40 48 174 97 142
56 114 35 123 32 197 67 145 117 182 196 164 186 115 185 112 151 90 139 63 191 104 91 62 183 158 176 199 28 173 148 188 92 41 69 36 82 125 162 84 95 172 71 108 66 156 59 124 194 167 87 42 132 140 157 169 200 79 180 187 135 74 138 106 109 94 161 57 159 128 152 170 193 163 131 192 101 133 72 184 137 154 175 190 121 198 166 89 80 178 96 149 181 113 15 174 165 142
123 55 110 197 73 182 164 153 186 115 185 64 196 151 86 168 183 158 150 176 122 179 173 148 171 36 98 85 82 130 125 119 118 39 95 25 126 172 156 76 34 50 27 10 26 194 147 167 144 132 116 100 140 157 200 79 169 195 141 187 135 9 31 189 146 74 106 109 94 161 107 128 159 102 170 193 38 129 163 131 120 192 78 72 184 137 53 154 99 121 198 166 80 178 96 149 113 97 165 142
56 55 114 110 35 60 136 197 117 145 182 115 112 185 90 139 86 168 191 104 91 158 150 176 122 179 177 173 148 111 171 98 82 118 125 77 126 172 108 66 103 76 156 167 42 147 127 144 157 100 169 200 16 132 195 180 160 187 49 44 31 146 189 74 94 161 107 46 57 159 152 170 21 193 129 131 120 192 78 133 72 184 137 53 154 175 190 121 166 198 178 80 96 149 181 143 65 97 174 165 142
169 56 200 79 81 157 180 141 19 197 45 67 117 189 182 196 153 186 185 64 161 107 139 102 70 152 86 63 170 193 38 129 91 163 131 192 176 78 105 58 177 199 133 173 111 137 188 53 83 43 175 99 121 82 85 130 119 178 39 51 77 25 172 181 76 143 34 174 194 167 87 165 127 116 100 132
123 110 136 67 117 197 145 182 164 196 186 112 185 64 63 168 191 104 62 150 176 177 179 12 75 173 148 188 92 41 43 11 68 69 171 98 82 85 130 84 77 95 103 156 93 124 194 167 87 144 127 116 42 132 140 200 157 81 195 180 160 187 135 189 138 61 94 161 46 57 159 170 193 88 163 131 120 192 101 78 105 24 184 137 53 154 83 47 190 99 198 166 80 178 96 149 181 155 143 113 65 174 165
114 123 55 195 122 24 160 187 148 92 136 45 99 146 189 164 153 138 106 109 186 82 84 161 151 46 149 71 181 143 128 152 65 170 193 174 129 163 132 140 157 127
79 141 160 197 135 146 189 164 153 138 112 185 151 90 102 57 152 70 86 168 129 91 120 183 150 176 122 133 179 72 199 184 53 83 47 190 68 99 85 89 198 125 178 162 77 7 149 124 97 194 147 87 165 140 134
114 32 136 117 45 145 67 182 196 115 153 185 151 86 63 168 104 183 158 150 176 58 179 177 199 28 173 148 111 188 92 41 171 69 68 98 82 130 118 84 39 77 156 76 103 59 124 167 87 147 127 140 116 132 169 100 79 144 157 195 180 141 187 135 189 138 109 29 161 107 57 128 70 152 170 193 88 163 101 105 133 184 53 22 47 154 190 99 121 198 89 80 178 51 149 181 143 40 113 15 174 97 165 142
79 200 35 136 117 45 189 182 196 164 186 139 57 159 152 13 168 193 88 129 158 150 122 105 133 179 173 75 137 1 22 111 171 36 14 130 162 39 33 172 108 156 103 15 174 42 165 142 140 134 100
56 195 160 187 136 197 45 145 73 164 153 186 109 29 94 159 152 163 62 131 183 177 179 173 184 111 175 171 190 121 98 82 166 118 178 95 108 149 66 156 113 97 194 167 165 144 142
55 30 136 197 117 145 182 196 164 186 115 185 90 139 86 191 104 91 183 158 150 176 122 177 179 199 28 173 188 43 69 98 85 130 119 162 39 84 77 126 108 76 103 156 59 50 34 124 194 167 144 127 116 100 140 200 81 180 141 187 135 44 189 138 106 109 161 107 102 159 57 152 70 170 193 88 129 163 101 78 105 72 184 137 53 154 190 99 121 166 89 198 80 178 96 149 155 181 113 15 65 174 97 142 134
169 56 114 123 200 81 195 60 180 160 187 197 67 73 182 164 115 138 112 185 64 106 94 161 151 90 57 159 152 168 191 104 91 131 183 192 150 176 122 105 133 177 179 72 173 137 188 92 175 171 190 68 121 198 119 178 162 96 51 77 71 155 66 181 156 103 76 143 93 113 124 174 194 147 87 167 132 140 116
200 114 35 55 195 141 187 32 136 67 197 145 45 189 146 182 164 138 112 109 185 61 159 168 193 191 129 88 62 120 131 176 105 58 177 133 83 175 171 190 99 198 166 80 84 39 126 172 155 181 156 40 65 174 147 140 100
114 60 136 117 145 182 164 186 112 90 139 86 168 191 104 91 62 183 122 179 177 199 173 111 188 171 69 98 82 130 119 125 118 77 172 108 71 66 156 76 103 59 194 167 42 144 147 132 157 87 169 16 180 141 74 138 106 128 159 152 21 170 193 38 163 129 131 120 192 78 72 24 184 37 53 175 190 99 198 96 149 181 155 143 48 113 65 134
114 81 195 187 49 197 117 145 135 146 189 196 164 186 94 29 161 90 139 128 63 191 38 88 104 129 120 158 150 176 105 133 199 148 137 111 92 175 190 121 125 178 95 126 172 155 71 66 156 40 124 174 194 167 42 165
169 200 123 147 110 81 165 134 180 141 160 117 67 145 197 146 182 164 153 186 74 94 151 90 139 128 102 54 168 191 193 88 129 91 131 158 150 192 122 58 179 177 28 173 75 17 148 111 137 53 83 171 190 36 99 85 198 89 118 119 125 162 130 80 77 95 172 155 76 40 93 15 174 167 87 144 127 140 116 100
55 114 110 60 136 117 45 73 182 196 164 153 185 64 151 63 168 191 104 62 183 158 150 176 122 58 173 75 148 188 92 41 171 11 36 98 85 130 162 95 172 66 76 156 93 59 194 167 144 127 116 100 140 200 20 180 141 160 49 44 135 9 146 107 57 159 152 170 193 38 88 129 192 101 133 72 137 53 154 22 190 99 166 89 96 51 149 155 143 48 65 97 134
56 123 110 60 30 32 136 197 117 145 73 164 115 186 196 185 64 90 139 13 86 168 54 63 191 183 158 150 122 58 177 179 199 173 23 148 188 171 43 68 36 98 85 118 119 125 39 84 95 25 126 172 71 108 66 156 103 50 194 147 144 132 116 100 140 157 200 16 195 180 141 160 49 135 189 146 74 138 106 61 107 57 102 128 152 70 170 21 163 192 101 133 72 8 37 154 22 175 190 99 121 166 198 178 80 51 149 155 181 143 113 65 174 165 142 134
169 200 134 195 180 160 136 117 67 6 73 189 182 196 153 186 74 185 64 106 94 29 161 139 102 128 4 170 168 191 163 131 120 158 78 122 105 177 179 199 72 173 184 137 154 92 41 43 175 99 121 198 125 80 162 96 51 77 25 108 71 66 103 143 40 93 27 97 42 165 127 132 157 142
123 60 136 45 145 73 182 153 186 185 64 151 90 63 168 104 183 150 176 122 177 52 179 188 98 82 85 130 125 84 172 108 156 59 194 147 167 87 127 116 157 100 132 79 200 20 81 144 169 180 44 135 31 146 189 74 138 109 61 107 159 152 70 163 131 120 192 101 78 105 133 72 17 37 137 154 99 121 198 89 166 178 3 149 181 143 48 113 15 165
169 200 123 81 134 195 60 160 67 197 145 189 182 164 115 186 196 185 64 112 138 61 94 161 151 90 46 139 102 57 128 152 159 86 54 168 170 193 183 158 192 176 101 78 122 177 72 24 173 111 137 83 47 171 99 98 82 178 126 108 172 149 155 181 156 143 40 65 124 174 97 26 194 167 147 127 116 140 157
169 200 55 123 110 79 195 180 160 49 136 117 197 145 135 44 146 196 153 186 106 185 64 94 107 90 46 152 170 191 193 88 104 91 163 183 158 192 176 199 184 23 154 47 175 171 190 36 68 22 166 130 119 178 80 96 172 71 108 66 149 156 103 155 93 50 113 15 124 194 87 42 127 142 157
180 30 141 45 145 135 31 73 189 164 186 106 138 64 161 151 90 128 88 104 120 158 176 105 173 148 53 137 188 41 171 154 99 198 82 125 3 96 39 172 155 181 143 194 144 127 142 157
169 200 123 114 195 187 136 197 73 146 164 115 186 106 90 57 13 54 191 193 163 192 150 176 105 133 179 199 184 137 53 83 92 121 198 89 166 130 178 96 84 162 126 155 66 76 124 194 144 142 116 157 134
35 55 110 114 123 136 117 197 73 182 164 153 186 196 151 90 86 168 54 191 104 91 183 158 176 179 199 75 173 23 111 148 188 171 68 98 130 119 125 118 95 126 108 71 172 66 103 156 76 59 93 194 147 42 144 127 116 100 167 157 200 169 81 195 180 141 160 187 49 135 44 189 146 109 94 29 161 107 57 128 159 152 170 193 129 163 192 72 184 137 53 83 175 190 99 121 198 89 178 51 33 149 155 181 143 40 113 174 142 134
100 79 141 187 32 136 153 115 112 185 109 94 90 139 57 193 191 104 91 176 177 199 24 75 173 137 148 111 190 171 68 82 178 126 149 155 48 65 174 167 165 42 140 157 134
169 200 79 81 123 180 141 160 49 117 146 164 153 185 64 161 151 107 128 170 193 163 91 62 192 150 122 105 58 184 148 111 22 137 188 171 190 98 166 89 125 162 51 39 77 71 155 156 76 59 113 50 124 174 18 87 132
169 56 114 123 110 200 81 195 187 67 145 135 189 182 164 153 186 112 185 115 146 109 94 151 90 107 139 152 13 170 168 191 88 129 104 91 62 131 183 120 150 176 177 199 72 148 137 53 92 41 171 83 175 190 82 198 89 166 119 178 162 39 84 80 33 25 126 155 181 76 103 40 48 59 50 65 124 27 18 194 147 144 132 100 134
110 197 45 117 182 196 153 164 186 185 64 151 90 139 54 86 168 62 183 158 176 58 52 179 177 173 111 188 92 171 43 68 98 85 118 119 130 162 39 126 172 108 103 156 59 124 27 194 147 167 144 127 140 100 157 169 87 132 195 141 160 187 189 146 74 106 109 161 107 46 102 70 152 170 88 163 131 105 72 24 184 83 47 190 178 51 33 181 143 113 15 97 165 134
132 81 122 177 72 173 137 187 53 83 92 175 171 98 198 182 115 186 106 112 178 96 162 95 149 181 139 66 102 152 168 163 194 91 167 127 140 158 150
35 114 123 16 81 195 180 187 19 49 145 44 135 73 189 146 196 186 112 185 64 138 109 161 151 139 152 168 191 193 38 129 91 131 183 158 150 176 105 52 199 177 72 173 184 137 188 47 190 99 121 198 166 118 178 80 162 77 126 108 149 155 181 103 143 59 93 113 97 26 194 167 147 144 132 116 100 134
56 123 117 45 67 73 182 196 153 186 112 185 64 151 86 168 54 158 150 176 122 179 199 177 173 75 111 188 69 68 98 85 118 125 130 162 119 77 95 126 108 172 156 59 18 194 167 127 140 157 100 116 200 169 132 195 180 141 160 187 135 44 9 189 146 46 128 159 102 70 170 38 129 163 131 120 192 101 78 105 133 184 137 53 154 175 190 99 121 198 178 149 155 181 143 40 15 174 165 142
35 114 110 55 60 32 67 197 145 73 164 115 153 112 186 185 196 4 86 168 54 191 104 158 150 176 122 179 177 111 148 188 92 41 171 68 98 130 125 162 39 84 77 126 172 108 71 66 156 103 59 93 50 124 194 147 144 127 169 200 79 20 81 195 180 141 160 49 135 189 146 138 106 61 29 94 161 107 102 159 128 70 170 193 88 129 38 163 120 192 101 78 105 133 72 37 137 154 190 99 121 166 89 80 96 33 149 155 181 143 65 174 165
169 200 123 180 160 187 19 117 145 44 9 73 196 153 112 107 90 159 152 13 54 86 193 168 163 170 129 131 150 176 105 133 177 199 137 148 154 171 11 36 121 98 166 118 178 130 33 172 149 143 48 59 113 174 27 147 42 165 142 116 157
132 157 123 55 110 81 142 60 134 160 136 117 67 135 73 182 164 115 186 153 185 64 196 106 107 139 128 152 191 193 104 91 120 158 192 176 122 105 177 179 72 28 75 173 148 137 154 171 43 98 121 85 166 89 130 125 118 162 39 80 178 172 108 155 143 59 50 27 174 42 144 127 116 140 100
200 55 81 79 195 114 56 187 49 197 189 182 196 115 74 153 151 139 168 191 163 62 158 122 133 58 177 184 188 171 198 89 82 178 119 96 51 156 143 76 93 50 113 97 27 194 167 147 144 127 132
56 55 60 30 136 6 117 197 73 182 164 153 196 112 185 64 139 54 168 91 183 158 122 179 52 199 75 173 111 23 188 92 43 69 171 98 130 125 119 162 39 84 95 172 66 156 103 59 93 26 167 147 42 127 132 100 157 169 200 195 180 141 160 187 135 189 146 74 138 161 46 128 152 70 170 21 193 38 163 131 192 78 133 72 184 17 137 53 83 175 190 121 89 80 155 181 143 113 65 174 97 165 142 134
35 123 110 136 197 45 117 145 73 196 164 186 185 64 151 168 191 91 183 158 150 176 122 58 179 199 148 188 11 82 119 39 95 126 108 71 172 156 76 124 194 167 144 132 157 169 79 200 195 180 141 160 49 189 146 74 106 61 94 29 161 57 128 102 152 170 193 163 131 192 105 133 184 137 53 154 175 121 198 166 89 178 96 51 33 149 181 155 143 113 15 174 165
123 110 60 136 197 45 145 67 182 196 164 186 112 185 64 153 151 90 13 63 168 191 91 158 150 176 122 177 199 179 75 173 111 148 188 92 171 68 98 130 125 118 162 84 77 95 126 172 108 76 156 34 93 50 124 194 147 42 132 116 157 169 200 79 195 141 160 187 44 31 146 189 138 94 128 159 152 70 170 193 163 131 192 105 72 184 8 37 22 175 190 198 89 14 166 178 96 155 181 143 113 65 142
169 56 114 81 200 116 180 197 45 145 135 189 182 196 74 186 106 112 109 90 139 102 128 159 54 168 193 91 131 183 192 158 101 58 179 199 133 148 175 190 98 198 118 125 119 96 51 77 126 149 155 71 108 103 194 144 142 132 127 100
114 55 123 136 74 185 64 128 57 152 86 191 193 88 91 183 192 176 78 122 105 133 179 177 23 188 171 166 178 80 96 51 77 181 71 103 143 76 50 124 97 147 144 157
123 114 110 60 30 6 197 45 145 182 196 115 186 185 64 151 139 86 168 191 104 91 183 150 176 122 58 52 199 177 75 173 111 188 171 85 125 119 162 39 95 126 103 156 59 93 194 147 87 127 116 100 132 169 200 157 20 81 195 141 160 135 146 74 138 106 61 94 29 161 107 170 193 38 129 163 88 131 120 192 101 78 133 37 137 154 175 190 99 121 166 198 178 51 149 155 181 143 113 134
55 123 32 117 197 145 196 164 186 185 64 151 90 4 63 86 168 191 183 122 58 177 75 173 111 148 188 69 68 98 85 118 130 84 95 25 126 172 108 71 103 34 194 147 167 144 87 116 100 157 140 200 79 16 195 180 141 187 135 189 106 109 161 107 102 159 128 152 170 193 163 131 120 192 78 105 133 184 22 83 175 154 99 166 198 178 96 149 181 155 143 48 113 15 65 174 165 142 134
35 123 110 117 45 197 73 182 196 115 186 153 185 139 86 63 191 150 176 122 58 177 52 179 199 75 173 111 148 188 92 43 171 68 118 125 162 39 77 95 126 172 156 103 76 59 93 167 147 144 127 116 132 140 169 200 79 81 16 195 180 141 135 189 74 138 106 109 61 161 107 57 128 159 152 70 170 193 129 131 133 184 17 137 53 154 190 99 121 198 166 14 89 80 178 96 51 149 181 143 113 174 165 134
56 110 60 136 197 73 182 196 115 186 112 185 64 153 151 90 139 168 104 158 122 177 173 111 188 92 43 11 171 82 130 125 119 118 162 84 95 7 172 108 156 59 93 50 26 194 167 144 132 116 100 140 157 200 169 195 180 160 187 19 49 135 31 189 146 74 138 106 109 61 94 161 107 128 159 152 70 170 21 193 88 163 131 120 192 101 78 105 184 154 47 175 190 99 166 89 198 80 178 96 33 149 181 143 15 97 165 142 134
169 79 200 110 195 141 32 136 146 182 196 153 189 94 57 159 152 170 193 131 120 183 62 158 176 173 111 137 83 154 92 171 188 53 99 41 148 85 166 89 198 119 84 95 181 143 50 124 194 144 142 127 134 157
169 79 123 134 195 180 141 160 136 197 135 73 146 186 106 109 90 159 70 63 86 191 168 193 104 91 38 163 131 120 158 101 122 133 179 75 53 154 92 171 43 190 82 85 166 130 125 119 162 84 118 77 96 126 172 108 149 155 103 156 174 97 147 87 144 167 116 140 157
56 110 60 30 136 117 197 67 145 73 182 164 196 186 153 185 112 64 151 54 63 191 168 91 183 158 150 176 122 199 75 148 111 188 92 171 69 68 36 82 85 130 125 119 118 84 77 95 172 108 66 156 103 34 50 59 194 26 147 167 144 87 42 157 127 169 81 195 180 187 135 44 189 74 106 109 94 161 107 128 152 193 88 163 129 131 120 192 101 133 184 8 37 53 154 83 99 121 166 89 198 80 178 149 143 113 15 97 165 142
56 55 123 114 136 67 45 145 197 73 182 164 115 153 186 185 196 151 90 168 104 91 183 158 176 122 177 199 179 75 148 92 41 171 69 36 82 125 119 162 77 126 172 108 76 34 124 194 147 42 144 132 116 157 127 200 79 81 195 180 141 160 187 135 189 138 106 109 94 161 107 159 152 70 21 193 88 163 131 120 105 133 184 137 53 22 83 175 190 154 99 121 198 89 178 80 96 51 33 149 155 40 65 174 97 165 142
169 123 187 49 164 153 186 109 185 161 151 139 128 152 191 193 104 131 183 158 192 72 173 111 154 22 175 171 36 121 166 198 119 178 39 126 172 149 156 65 97 87 127 134
165 56 35 79 110 20 195 180 141 187 197 117 135 44 73 196 186 138 185 106 61 139 128 102 159 54 170 191 193 163 183 192 150 176 78 122 133 177 52 199 179 75 184 148 188 154 41 171 69 47 175 82 198 166 178 162 77 126 108 172 181 76 156 40 50 113 124 10 174 194 147 42 144 132 116 167 157
169 116 16 20 35 195 55 134 141 145 135 31 189 182 74 196 164 112 185 109 94 128 170 168 193 163 62 122 179 199 184 75 111 53 154 188 137 43 190 175 171 166 130 178 96 162 39 126 181 66 143 113 174 194 87 165 132 144 127 140
5 169 114 123 200 16 180 141 160 197 145 73 189 182 164 153 115 112 185 138 109 94 161 151 107 102 57 128 152 129 163 150 176 101 122 12 173 8 184 23 111 137 190 69 99 121 198 166 130 125 162 33 25 172 108 149 66 155 103 156 181 143 59 93 124 174 194 147 42 167 165 116 157
169 16 20 30 160 136 67 145 73 189 146 196 151 191 88 163 104 183 192 150 176 105 133 179 28 8 184 17 137 188 92 175 171 121 166 85 178 119 80 39 126 156 103 113 174 147 87 132 140 100
157 87 180 160 187 45 145 189 182 74 164 186 64 151 139 128 159 193 191 129 88 131 101 78 105 133 52 184 47 175 171 85 130 178 126 66 156 50 124 174 97 167 165 144 132 140 100 142
35 136 197 67 145 45 73 182 115 153 112 185 64 151 13 54 168 191 91 62 122 58 173 148 111 188 98 130 119 162 84 77 7 126 108 156 59 50 124 27 194 167 144 132 127 169 79 200 195 187 135 31 189 138 94 161 128 70 152 163 129 131 120 192 101 78 105 133 53 154 47 190 99 121 166 198 80 178 96 51 149 155 143 48 65 165 142
123 195 60 180 160 187 32 197 45 135 145 189 182 196 146 138 112 186 109 61 94 185 90 46 128 191 193 163 131 120 158 101 192 133 177 52 184 137 148 111 92 188 171 43 41 98 121 82 85 89 118 178 119 95 108 71 181 149 156 127 132 134 140
123 110 136 67 197 117 145 182 164 153 112 185 64 151 90 139 63 168 191 183 158 176 122 58 177 52 179 199 75 111 188 92 43 171 98 82 85 130 125 118 84 95 25 126 172 108 103 156 76 93 26 194 87 144 127 132 100 157 169 200 79 195 180 141 160 187 19 135 189 146 74 138 106 94 107 57 128 102 152 159 21 193 88 163 131 120 101 78 133 72 184 37 137 175 121 166 198 178 96 51 33 149 181 155 143 174 97 165 142 134
200 56 195 60 136 117 189 182 164 196 186 106 29 151 139 128 152 170 193 163 120 183 192 179 173 148 53 188 171 69 190 99 121 98 130 162 39 149 65 194 165 132 116 140
200 114 123 110 35 79 141 32 49 136 197 117 145 44 135 189 164 186 138 185 109 161 107 139 128 70 54 168 170 193 129 163 62 120 183 158 192 176 78 122 133 177 199 179 28 173 184 148 188 92 154 47 175 36 99 121 85 198 89 119 95 126 172 108 149 181 155 76 143 40 59 65 124 174 147 165 127 142 100 157
79 56 200 160 187 145 135 73 189 164 138 185 61 94 161 152 86 191 62 131 158 192 122 105 177 72 179 111 53 154 41 190 175 68 98 166 119 178 162 155 181 103 76 174 26 167 147 132 140 134 157
56 114 123 136 117 73 182 164 153 186 185 64 139 63 168 191 91 62 183 158 176 177 179 52 173 148 188 92 171 69 85 130 118 84 95 7 126 172 71 108 66 103 93 50 124 194 26 147 87 140 100 116 81 20 180 187 135 138 106 94 161 107 46 159 70 152 193 88 131 120 101 105 133 184 175 166 198 89 80 178 96 51 149 181 143 174 97 165 142 134
56 55 67 197 117 182 164 153 196 112 185 151 63 168 191 86 104 91 183 150 122 177 199 173 148 111 188 41 171 68 85 82 130 125 119 162 84 172 71 156 103 59 124 194 147 167 132 127 100 157 169 79 200 81 195 180 160 19 135 146 74 138 109 61 46 128 159 70 152 193 129 163 131 120 192 105 133 72 184 137 53 83 154 190 198 89 166 80 178 51 33 149 155 48 113 97 174 165 142 134
5 114 123 32 136 117 67 145 182 196 153 164 112 151 139 54 63 191 86 104 62 183 158 150 176 179 199 75 188 92 171 69 68 98 125 119 162 84 172 76 156 59 50 27 194 147 42 167 127 140 157 144 169 200 195 180 141 160 187 135 146 189 109 61 94 161 128 159 152 70 170 193 88 129 163 131 192 101 78 105 133 137 154 175 190 166 198 80 96 149 155 181 48 65 15 174 97 142 134
56 55 123 110 195 180 187 145 146 182 196 74 164 106 138 186 94 161 151 46 139 128 102 159 152 170 168 193 54 163 131 192 78 176 177 199 148 137 154 47 92 121 85 166 198 178 155 66 156 59 174 97 132 100 134
169 200 55 195 187 117 135 182 164 115 138 185 94 90 139 102 159 13 4 54 63 191 88 131 62 183 120 150 78 122 58 148 154 188 166 82 14 130 80 162 77 108 155 66 103 113 65 26 194 144 142 157
200 20 110 180 187 117 189 182 196 138 186 109 139 54 168 191 88 193 163 131 158 192 176 78 133 179 199 177 173 184 83 175 171 98 198 178 96 95 126 172 149 155 66 156 143 113 124 174 26 194 165 144 132 140 100
55 114 110 32 136 197 67 73 182 196 115 153 112 185 151 90 86 63 191 158 150 176 122 177 179 173 148 111 188 92 82 130 162 126 172 108 66 156 93 124 147 167 127 132 157 100 140 200 169 81 195 180 141 160 187 19 49 44 135 189 74 138 106 161 107 57 159 128 70 170 193 192 133 83 175 190 166 89 51 149 155 181 143 65 97 174 165 142
123 110 60 32 136 145 182 112 185 151 139 63 168 104 91 62 183 158 176 122 177 199 179 173 148 111 188 92 171 43 69 36 82 118 119 130 162 77 95 126 108 172 156 76 103 50 2 27 194 167 144 132 140 169 200 195 180 141 187 49 135 74 138 109 107 128 159 152 170 21 193 38 131 78 105 133 24 17 137 53 83 47 99 121 166 178 96 51 149 181 143 40 113 65 97 174 165 134
35 123 30 136 67 117 145 73 182 164 153 186 112 185 196 90 86 168 54 91 183 158 150 176 58 179 199 28 173 148 188 171 43 69 36 85 82 130 125 119 162 39 84 25 126 172 66 103 156 76 93 50 124 194 167 87 147 132 116 100 157 169 200 16 141 160 49 44 31 189 138 94 161 46 102 128 159 152 170 21 88 129 120 192 101 78 105 133 137 83 175 190 99 121 198 89 166 96 155 181 143 113 65 174 97 165 142 134
56 123 79 200 20 30 180 160 187 136 117 45 135 182 164 115 196 153 185 64 138 61 161 151 46 139 128 152 63 168 54 88 129 104 163 183 192 101 78 122 133 177 199 173 184 111 137 188 92 53 83 22 36 85 166 89 130 125 119 178 80 51 95 25 172 149 156 143 48 59 113 65 174 97 147 144 132 140 142 134
56 123 35 55 60 136 197 145 73 182 164 153 186 115 151 139 86 191 91 62 183 158 122 177 179 52 199 173 111 148 188 92 43 98 82 85 119 162 77 95 7 126 172 71 66 103 93 194 167 147 144 127 140 157 132 169 200 16 20 195 180 141 187 135 31 189 146 106 61 161 102 128 70 152 170 163 129 120 192 101 78 133 72 184 154 175 190 99 121 198 166 80 178 33 149 155 143 40 48
55 114 110 123 6 67 145 182 164 115 186 153 112 185 196 151 90 139 86 168 104 91 183 158 150 176 122 179 199 28 111 148 92 171 68 98 85 82 118 125 126 108 71 93 124 27 194 147 87 127 132 100 140 157 79 200 169 160 135 189 146 74 138 109 161 107 46 57 128 102 152 170 88 129 38 163 120 192 101 78 72 184 137 154 83 47 190 175 99 121 198 89 166 80 96 33 149 181 155 143 15 65 174 97 165 142 134
56 55 114 110 123 30 32 117 45 145 197 73 182 164 153 186 112 185 196 151 90 86 168 191 183 150 176 122 58 179 177 199 173 111 171 85 82 119 84 126 103 93 34 50 194 147 42 87 127 167 100 140 157 169 81 195 141 160 189 146 74 138 109 61 94 161 107 46 102 159 152 170 163 131 192 101 105 24 83 47 175 190 121 198 166 178 33 155 143 48 65 174 97 165 142 134
169 200 114 123 79 81 195 60 142 134 141 160 136 145 31 73 146 182 164 153 115 112 106 61 94 151 152 54 168 38 163 88 131 183 158 192 101 133 179 72 28 173 37 188 154 41 171 175 190 121 82 85 166 118 130 198 162 178 80 172 149 181 103 156 143 113 65 124 174 18 194 167 132 116 157 140
169 16 81 195 180 141 160 197 45 145 135 146 164 138 112 109 64 61 139 128 13 63 170 163 104 91 62 129 183 120 158 150 176 192 122 177 179 75 137 53 154 47 41 43 69 68 190 85 198 166 118 119 162 95 108 71 181 76 156 143 93 50 59 65 26 194 167 165 144 127 116
123 197 117 73 182 164 153 186 112 115 64 90 139 168 191 62 158 150 176 58 179 177 173 148 111 171 43 82 130 125 118 84 95 126 108 172 103 59 50 93 124 194 167 144 132 140 100 157 79 200 180 160 187 135 31 146 74 138 106 109 29 161 107 57 159 102 152 170 88 129 131 192 101 78 105 133 184 175 99 121 166 178 80 96 149 155 143 48 113 174 165 142 134
110 136 67 45 117 197 73 182 164 115 186 153 185 112 196 151 139 168 191 91 183 150 58 179 199 148 188 43 11 118 162 84 77 126 172 71 108 76 156 124 194 26 167 147 132 116 157 127 169 200 79 180 141 187 135 44 146 189 107 128 152 193 163 131 192 78 105 133 72 184 137 154 83 175 121 166 14 178 3 96 51 80 181 48 65 142 134
123 55 20 136 197 135 182 164 138 112 94 46 102 159 70 54 168 86 21 129 104 91 120 158 150 176 179 52 23 188 175 99 98 82 198 89 80 96 25 172 103 40 50 124 97 174 194 87 116
200 123 81 16 195 110 60 141 187 32 145 44 135 164 153 186 185 94 161 107 128 152 170 86 193 191 91 131 183 158 150 101 192 199 37 188 175 198 89 130 125 96 126 172 181 76 143 156 103 59 147 165 144 142 167
5 123 55 110 136 117 197 73 196 115 151 90 139 86 63 191 104 176 58 177 199 179 173 68 119 125 162 77 126 108 172 71 103 76 156 34 50 93 194 167 42 144 127 87 157 100 169 200 140 81 180 141 160 187 49 189 146 109 61 94 46 102 159 128 152 170 193 38 120 101 78 105 133 72 184 37 137 53 175 190 99 121 198 178 33 149 181 143 15 174 165 142 134
169 79 114 16 110 20 195 134 180 136 197 45 145 146 182 164 196 186 185 61 161 151 90 107 70 54 170 191 193 129 163 91 183 150 133 177 199 179 28 173 75 111 53 188 154 171 82 14 118 125 119 162 84 130 80 178 33 126 149 155 181 76 156 103 143 48 174 194 147 167 144 116 140 157
35 110 30 136 117 67 145 73 164 153 90 139 86 168 63 191 54 183 158 150 176 179 199 173 111 23 188 171 98 82 95 126 172 66 103 76 156 50 194 167 87 132 127 157 169 200 79 81 20 195 141 187 135 189 146 106 29 161 107 128 159 70 152 170 193 88 163 129 120 101 78 105 133 72 24 53 83 175 190 99 166 178 96 149 181 165
169 195 197 67 145 135 189 182 196 115 138 106 61 13 168 193 88 38 131 120 192 176 122 133 199 173 23 137 83 188 92 99 121 85 198 166 119 51 95 172 181 156 40 65 97 18 194 87 116 157
169 200 81 110 195 60 30 187 19 197 117 45 67 146 182 196 153 186 106 185 29 90 139 128 86 168 191 193 163 131 176 78 122 105 58 179 173 148 137 188 92 83 175 190 36 68 99 121 85 82 198 130 118 119 166 84 178 77 95 80 96 126 108 71 172 181 155 156 143 40 93 34 50 113 124 15 65 194 174 167 87 144 127 140 142
200 123 81 79 195 110 180 160 187 197 117 135 189 164 196 186 112 109 106 185 94 107 139 102 170 168 129 120 183 158 150 176 179 199 184 173 75 137 111 83 188 99 98 121 166 198 85 82 119 118 178 95 108 181 93 27 26 167 87 147 127
35 179 60 188 43 145 198 164 153 186 112 185 130 178 94 162 51 39 126 107 90 172 181 155 71 156 48 113 65 54 193 191 163 129 194 147 120 87 144 142
123 114 136 117 197 67 182 164 186 112 151 139 168 191 62 183 158 150 122 179 52 177 28 75 173 23 188 41 171 69 98 85 118 125 130 162 172 76 59 93 50 124 87 144 127 116 140 132 169 200 42 195 160 135 44 9 189 146 106 161 102 128 57 70 159 152 193 88 129 163 131 192 101 78 105 184 137 154 83 175 190 99 121 198 166 89 178 181 65 97 165 142 134
56 123 200 110 79 81 60 195 180 187 189 146 196 153 74 138 185 109 61 151 139 159 152 170 168 191 193 163 91 183 192 176 122 105 133 177 24 28 41 175 190 68 98 121 198 166 119 80 96 84 108 172 155 93 113 124 174 147 87 167 127 165 157 100
134 200 123 55 110 195 60 187 197 45 145 73 182 196 153 186 161 151 90 57 152 170 168 38 163 129 101 78 122 199 173 154 47 175 190 171 36 99 188 98 85 82 121 96 84 162 149 155 93 50 65 27 10 194 97 147 165 144 167 116 142 157
169 134 20 110 180 160 67 197 135 145 196 115 153 106 185 64 61 29 161 90 139 102 159 128 70 152 170 193 191 129 38 91 158 150 122 133 179 199 177 184 173 111 154 190 36 198 82 89 130 125 162 126 71 76 156 93 113 34 65 165 144 42 132 127 100
56 35 114 136 117 164 115 186 112 185 64 151 13 168 191 91 183 158 150 176 122 58 177 199 179 52 173 111 148 188 92 41 171 23 43 130 118 162 172 108 66 156 59 26 147 42 144 127 132 157 167 169 200 100 81 140 195 180 141 160 187 49 135 31 146 138 106 109 94 29 161 102 152 170 193 88 129 131 192 101 133 72 184 22 47 190 99 121 166 178 96 51 181 155 143 48 113 65 165 134
169 56 123 55 110 81 195 134 30 141 160 187 117 197 44 31 189 182 196 164 186 112 109 61 161 151 107 57 128 152 54 191 163 158 176 122 133 177 199 179 173 75 111 23 188 171 69 68 99 82 198 89 118 125 119 166 84 178 95 126 155 103 76 93 124 174 194 87 165 116 157 100
169 79 123 180 160 187 32 117 197 145 146 189 196 153 138 64 94 161 151 90 139 128 159 86 193 163 131 120 158 150 192 133 52 173 137 188 154 175 190 171 36 69 98 198 85 119 125 96 95 108 181 143 76 103 65 18 194 87 127 157
157 200 110 195 58 180 184 75 137 187 188 117 69 145 68 31 196 164 178 125 185 96 108 90 172 143 102 159 40 50 170 10 38 194 120 127 142 192 150
169 79 114 200 141 187 136 67 135 73 189 146 196 74 153 185 90 139 159 152 170 168 191 88 120 183 192 150 179 177 137 53 188 92 190 99 82 80 181 156 124 97 174 194 167 165 144 142 116 134
5 56 114 123 110 169 200 87 134 180 141 160 187 32 136 117 44 182 164 115 186 112 185 74 138 61 151 107 46 159 70 63 168 170 193 62 131 183 120 192 150 122 58 177 179 24 173 184 111 148 188 92 154 190 121 85 82 198 130 118 125 162 89 166 77 178 108 172 71 181 40 48 124 27 97 147 42 144 127 140 157 167
56 35 110 60 30 32 136 117 197 182 196 153 115 112 185 164 64 151 90 139 168 191 104 183 150 176 58 177 199 179 75 173 23 188 92 41 171 69 68 85 118 125 162 126 172 71 76 59 167 42 127 140 157 100 169 79 200 195 141 160 44 135 146 106 109 94 29 161 128 159 152 170 193 88 163 120 101 133 72 24 184 137 53 154 175 190 198 89 178 96 51 149 181 155 143 40 48 113 65 15 97 165 142 134
169 78 176 133 179 60 75 173 148 22 136 175 145 68 121 189 182 74 146 138 106 198 119 162 77 161 172 71 149 76 128 40 168 193 38 129 104 174 147 132 158 100
56 114 35 60 136 197 67 145 164 186 112 185 64 151 139 86 54 191 104 91 183 176 58 52 199 177 179 173 148 188 171 11 36 68 118 119 130 95 126 172 71 108 66 76 103 59 50 124 27 194 167 147 144 132 140 116 127 169 200 100 195 180 160 187 135 189 74 138 106 161 46 102 152 70 170 193 163 120 192 78 72 154 47 190 99 14 96 149 155 181 143 48 113 65 174 97 165
169 200 114 81 60 160 32 6 117 67 189 182 164 196 115 64 94 161 107 151 139 128 159 131 192 101 150 58 133 72 179 199 173 148 111 92 175 190 171 98 198 118 178 95 33 126 108 181 143 124 194 167 144 127 116
122 195 133 188 47 41 117 145 99 85 182 196 153 164 106 198 125 39 7 126 107 90 181 139 155 66 128 159 143 59 65 170 168 193 124 163 104 194 147 183 101
200 81 110 195 180 160 187 136 197 117 145 189 196 153 186 106 185 61 161 46 139 159 152 170 168 191 193 88 163 91 183 158 150 78 105 199 148 137 188 92 53 171 69 83 175 198 89 130 119 96 51 108 71 149 66 155 156 93 59 65 124 97 194 147 167 144 165 140 100 142
123 55 110 195 187 135 146 164 186 109 185 151 102 86 168 193 91 158 150 101 133 177 184 75 173 148 137 188 190 82 118 119 130 96 80 25 149 66 76 156 143 113 124 147 87 142 116 134 132
169 200 55 81 134 195 180 160 19 49 136 117 135 189 146 182 106 109 29 151 102 159 63 193 38 191 129 101 122 177 199 75 184 111 137 175 171 98 89 178 125 84 77 95 172 71 66 48 65 124 97 165 127 140 157 132
114 35 123 136 197 145 182 196 153 112 185 90 86 168 104 183 158 150 176 75 111 148 188 92 171 43 69 36 98 68 85 130 125 162 39 77 95 25 126 66 76 156 103 93 194 147 87 144 116 140 157 169 200 79 81 100 195 180 160 44 135 31 146 189 138 106 61 94 29 102 128 159 152 193 129 163 192 101 105 133 83 47 175 190 22 99 166 89 178 80 149 181 155 143 40 113 65 174 165 142 134
56 114 123 30 32 6 136 117 197 45 145 73 164 115 186 112 185 64 196 151 139 86 63 54 191 104 91 62 158 176 122 179 199 75 173 148 188 92 171 69 98 82 85 130 125 118 162 39 25 126 172 71 103 156 93 50 18 147 87 144 167 132 100 140 157 200 20 195 180 141 160 187 135 44 189 146 138 161 107 46 57 128 152 170 193 88 129 131 120 192 101 105 72 184 37 137 83 154 47 175 121 166 178 96 149 181 155 48 113 15 174 165 142 134
136 67 117 145 182 196 153 186 151 86 168 191 104 91 62 183 158 150 176 122 179 177 75 111 188 171 69 68 43 98 118 130 162 77 95 25 172 71 103 50 124 194 127 140 157 132 81 195 180 141 160 44 189 146 74 138 109 61 29 102 159 70 152 170 193 38 129 163 88 131 120 192 101 78 133 184 83 154 175 190 99 121 166 198 89 178 96 51 149 181 48 113 174 165 142 134
142 200 35 123 81 134 180 141 19 136 117 135 146 189 196 164 186 112 185 138 161 151 90 159 152 191 193 88 104 91 120 183 101 58 199 72 184 111 188 83 154 171 47 190 175 99 121 85 166 198 130 125 119 162 80 51 95 33 172 149 181 103 143 93 50 34 113 15 65 167 165 144 127 132 157 140
169 200 123 79 81 60 141 160 6 197 136 135 73 146 182 196 115 186 185 64 109 29 161 46 139 57 159 13 63 168 191 86 170 88 163 38 120 192 150 176 122 105 177 199 173 184 111 137 188 92 171 68 99 98 121 85 198 89 118 125 119 162 84 130 77 95 166 80 178 96 181 156 97 174 194 87 132 140 100 134
200 114 81 123 160 187 67 145 135 189 182 164 196 153 138 109 185 115 112 186 151 128 159 170 168 191 63 88 129 91 193 120 131 176 78 52 72 199 137 111 175 171 11 69 82 118 119 84 172 71 103 93 65 194 87 132 140 142
123 114 110 136 197 117 67 45 73 182 153 115 185 64 151 90 139 63 168 191 54 86 104 91 183 158 150 176 122 177 199 179 75 111 188 92 41 69 68 85 125 162 95 172 156 76 103 59 93 50 124 167 87 42 127 116 157 169 79 200 195 180 141 187 31 189 74 61 94 161 107 46 128 170 193 88 129 38 131 101 133 72 184 37 137 154 47 175 190 99 166 198 89 178 80 51 149 181 143 65 97 174 134
114 123 60 32 197 45 182 164 115 153 112 186 185 151 139 54 86 168 191 63 183 150 176 122 58 177 199 173 148 92 171 69 98 130 125 118 162 84 119 126 172 66 124 26 147 87 127 116 132 157 169 195 180 141 160 187 135 44 31 146 138 109 61 94 128 159 57 152 193 38 129 131 120 101 133 24 184 137 53 99 121 166 198 80 51 33 149 181 155 113 65 97 174 142 134
169 56 123 180 145 31 164 196 186 106 112 185 151 102 159 86 170 193 163 101 150 133 177 179 184 137 188 92 175 190 171 99 82 89 198 85 162 181 156 76 143 34 113 87 140
123 35 114 55 110 136 117 197 145 182 196 164 186 112 185 64 90 139 63 168 191 183 158 150 122 179 177 75 173 111 92 41 171 98 85 82 125 162 84 95 108 66 103 93 124 26 194 167 42 144 132 140 157 169 200 81 195 180 141 160 135 189 138 106 109 61 161 57 159 70 152 170 88 129 38 131 192 105 133 72 24 184 137 154 47 175 83 121 198 89 96 33 155 181 113 97 174 142 134
200 114 123 180 141 187 136 145 73 196 115 186 164 109 151 46 128 159 102 152 70 63 191 88 129 193 91 131 104 158 192 150 179 199 184 148 111 154 53 171 190 36 85 82 125 119 178 126 149 181 113 174 147 165 87 142 140 116
134 56 123 55 200 79 60 141 117 145 73 146 182 164 196 186 153 185 189 74 61 161 90 46 128 152 70 63 170 191 129 62 158 192 176 101 78 122 58 179 28 173 184 148 137 53 92 154 47 69 68 190 99 121 198 118 119 178 51 95 126 172 181 66 143 167 42 144 127 116 100 132
35 123 55 110 136 197 6 145 73 182 164 115 196 186 185 151 139 168 191 104 91 158 122 177 52 199 28 173 148 23 188 92 171 69 43 98 82 85 130 125 119 84 77 95 126 108 71 172 103 76 93 124 18 26 194 147 167 127 132 169 200 16 81 195 180 141 160 44 146 138 61 94 29 161 107 128 159 70 152 21 193 88 192 101 133 72 184 17 8 137 53 154 190 99 166 89 14 51 149 155 181 143 174 165 142
79 30 141 32 117 197 196 138 109 29 161 139 128 4 191 88 163 129 183 150 133 179 199 111 154 188 175 68 99 121 85 89 118 119 178 77 25 108 155 71 40 97 26 165 116 100
35 110 136 197 182 164 115 186 112 185 153 151 86 168 191 104 183 158 122 58 199 75 111 148 188 41 171 69 36 68 11 82 130 119 162 25 108 156 76 103 59 93 124 194 167 87 144 140 200 79 180 141 187 189 146 161 107 102 159 128 70 152 57 193 88 163 131 120 78 105 72 184 17 154 83 175 190 121 166 80 178 96 51 149 181 143 48 174 165 134
35 114 123 30 136 197 45 145 117 182 164 186 112 185 151 139 54 191 104 62 150 179 177 28 173 111 92 171 98 82 85 118 125 162 39 77 126 172 76 156 59 50 93 124 194 147 167 140 157 116 169 20 195 180 141 135 31 138 109 161 107 128 159 70 152 170 38 129 133 184 137 154 175 121 198 166 3 178 33 149 155 181 143 65 97 165 134
169 195 160 136 197 145 73 182 196 153 112 94 90 139 102 159 54 38 192 150 78 177 137 154 47 36 99 166 198 118 80 178 162 77 126 149 181 108 156 40 93 113 124 147 142 127
142 200 35 123 134 195 141 187 49 136 117 197 189 146 164 112 185 106 109 161 90 139 102 54 86 193 129 104 163 131 120 158 176 133 179 199 173 154 41 175 190 99 82 166 198 118 162 96 77 95 126 172 149 155 66 181 103 156 143 48 34 93 59 113 65 174 194 167 147 132 116 157 100
114 136 182 196 115 112 185 139 86 168 63 191 183 150 122 179 199 52 177 173 111 188 41 43 69 85 82 130 125 118 162 84 126 71 66 156 76 103 50 167 87 144 100 157 200 16 81 79 141 187 49 31 146 189 138 109 61 94 29 161 107 128 102 152 193 163 129 131 192 105 133 72 184 154 22 190 121 166 198 178 149 181 155 143 48 65 97 174 165 142 134
169 123 81 110 180 141 187 49 197 135 146 196 164 186 138 106 161 90 128 159 70 170 168 38 129 104 62 131 183 150 176 101 52 179 199 75 111 137 83 92 41 43 69 68 154 175 85 198 89 80 178 39 51 172 76 143 48 93 113 65 27 97 194 165 127 132
5 169 200 195 180 6 197 136 145 135 146 196 115 186 153 185 138 109 94 107 90 46 159 152 86 191 193 129 120 183 158 101 176 179 177 24 173 184 148 137 188 92 41 171 154 83 175 190 82 198 89 130 119 166 162 84 172 155 103 156 40 93 113 174 194 167 147 144 127 132 165
169 56 55 123 110 200 20 180 160 187 49 136 197 135 189 182 196 153 186 115 146 74 138 109 94 161 151 90 107 139 46 102 159 57 168 193 104 158 150 176 192 72 75 137 188 175 190 69 99 98 121 85 198 89 119 80 95 126 108 149 113 174 194 147 167 127 116 157 134
127 56 200 134 195 160 187 136 197 145 189 196 164 186 112 185 106 109 161 107 46 139 128 159 152 70 170 168 191 193 88 129 38 131 183 192 150 176 101 122 133 179 199 52 173 75 184 148 137 188 53 41 83 190 68 121 198 118 119 125 162 130 80 77 95 178 51 33 149 181 156 103 93 50 27 174 194 97 147 165 132 116 157 140
169 56 35 200 81 195 141 160 187 136 117 67 135 146 182 164 115 189 106 94 161 151 46 128 159 63 168 193 88 91 192 176 122 58 179 199 52 133 72 173 8 37 137 92 41 171 175 190 98 166 14 125 80 162 95 149 71 181 156 59 113 97 194 147 42 165 127 116 134
169 200 55 136 135 146 196 153 164 106 112 185 61 151 57 159 70 86 54 170 158 176 133 179 184 188 92 41 43 47 190 99 22 85 89 125 178 96 149 172 66 76 48 113 27 147 142 116
56 110 136 67 197 145 73 182 196 115 186 164 185 90 104 91 183 158 150 58 177 199 173 111 188 171 68 85 82 125 162 84 95 126 108 172 156 93 59 124 18 167 42 87 116 100 157 140 200 79 20 180 187 44 146 189 74 161 107 102 70 193 88 163 129 131 192 72 24 184 137 83 190 99 121 166 89 178 33 181 155 143 113 97 174 165 142
114 123 110 30 136 197 67 117 73 182 164 153 186 196 185 151 90 139 168 191 104 91 62 183 176 122 52 199 179 177 111 148 188 43 69 68 98 118 119 125 162 130 126 108 172 66 76 103 34 124 10 194 167 147 144 127 140 132 169 79 200 20 195 180 141 187 49 44 135 146 189 74 106 109 61 161 107 128 159 57 152 170 193 88 131 192 101 184 83 175 190 198 89 80 96 149 155 143 40 65 174 165 142
123 55 114 110 60 136 197 73 196 153 186 115 151 90 139 86 63 191 104 91 158 150 122 177 199 173 75 111 188 171 43 130 119 118 162 84 172 76 156 34 194 147 87 144 132 116 157 169 16 195 180 135 146 189 138 109 161 107 128 159 102 70 170 193 88 129 163 131 120 192 105 133 184 83 154 175 190 99 198 89 80 178 96 155 181 143 48 113 97 165 142
35 123 110 55 32 136 67 197 145 73 164 153 115 186 185 64 196 151 139 54 168 104 183 158 150 176 122 58 179 52 177 199 75 111 148 188 171 69 98 85 82 118 125 162 84 7 25 126 66 156 103 76 124 18 147 167 42 127 132 140 157 169 200 16 81 195 141 160 189 146 74 138 106 61 94 29 161 107 57 102 159 152 70 170 88 129 131 120 192 101 78 133 184 137 154 175 121 166 89 178 96 51 33 155 143 113 65 174 97 165 142 134
200 123 195 180 141 160 197 117 145 189 182 196 186 185 64 61 151 46 102 128 70 86 168 191 170 193 91 131 192 150 176 101 78 122 105 58 177 199 179 173 83 154 175 190 98 85 82 198 130 125 166 162 178 77 95 25 126 172 108 149 66 181 103 156 76 143 34 40 113 194 167 127 142 157
169 200 114 123 180 141 160 187 19 117 197 145 135 44 73 146 45 164 115 185 94 29 161 151 139 57 128 193 88 129 104 91 183 122 105 199 184 111 148 188 47 83 190 166 89 80 178 77 95 172 181 103 156 113 124 97 167 142 134
169 200 180 187 49 197 117 31 189 182 74 196 138 112 185 186 94 161 90 152 193 163 104 183 150 78 122 105 199 184 137 53 188 166 82 178 162 172 71 181 124 147 165 87 142 140 134
56 114 123 110 60 197 117 145 182 196 153 115 112 185 64 164 151 86 168 191 104 91 62 150 176 58 177 199 52 179 75 173 148 111 188 41 171 69 68 98 85 130 119 118 125 84 95 126 172 71 66 76 93 2 26 194 147 42 144 132 140 100 157 169 116 81 195 141 160 187 135 31 189 74 61 161 46 128 102 70 170 21 193 88 129 163 131 105 133 72 184 137 53 83 154 190 99 121 166 89 178 96 155 181 113 174 97 134
169 200 123 55 110 195 142 141 187 67 197 189 186 185 128 168 191 193 163 104 131 120 183 192 150 101 105 177 199 52 179 184 148 111 137 69 99 98 121 82 130 80 178 162 77 126 172 108 181 66 155 156 143 59 50 113 97 147 87 144 165 116 157 140
55 114 123 133 177 72 28 184 141 37 188 92 197 45 117 43 69 68 146 182 74 153 189 171 84 107 46 181 71 143 40 168 2 194 104 167 131 120 116 158 192
56 114 123 32 117 197 145 196 153 185 64 151 90 139 13 86 168 54 191 91 183 158 176 122 179 177 199 75 173 111 23 148 188 41 171 69 85 130 119 118 162 39 77 95 172 76 93 50 124 167 144 127 116 100 132 157 200 79 81 195 180 187 49 135 44 31 189 146 138 109 61 94 161 46 57 128 102 152 159 70 170 193 88 129 38 163 131 120 78 105 184 17 137 53 154 83 190 99 121 198 166 80 178 96 149 181 155 40 48 97 165 142
200 79 195 187 197 135 189 74 196 186 185 29 90 159 170 38 88 131 120 183 192 176 122 105 177 75 23 154 92 175 171 99 85 166 89 130 39 126 172 71 181 59 65 174 97 167 165 157
56 35 180 141 197 45 145 135 182 164 196 186 138 109 185 112 107 57 70 168 88 163 183 150 179 199 177 173 148 111 154 92 47 190 171 175 188 121 198 166 162 95 25 172 181 143 174 18 194 42 165 142 127 157 140
200 114 195 180 187 32 136 197 45 135 9 182 153 161 107 90 54 63 191 38 104 131 62 158 150 78 133 177 179 52 24 199 184 173 111 137 188 92 175 43 190 171 69 121 82 85 14 130 89 96 84 95 25 108 155 76 103 40 156 93 174 10 42 144 140 116
56 114 123 60 32 136 197 45 145 67 117 73 196 153 115 112 164 90 168 191 104 62 158 150 176 122 179 199 52 75 173 148 111 188 43 69 36 118 119 130 125 84 126 172 156 76 59 147 87 132 116 140 169 200 195 180 160 135 44 9 146 138 109 29 94 161 159 152 70 193 88 129 163 131 120 192 78 105 184 17 37 137 53 154 175 190 121 166 198 178 96 51 181 65 97 165 134
55 123 110 60 117 197 45 73 182 164 153 196 112 64 151 90 139 54 86 168 183 58 199 173 148 188 92 171 36 68 85 82 130 125 162 84 77 95 126 172 71 108 156 34 50 93 124 194 147 144 132 116 100 140 169 79 16 127 195 180 141 160 187 49 146 189 138 106 109 29 128 102 159 152 170 88 129 192 133 24 184 8 154 83 175 99 121 198 166 89 80 178 96 149 155 40 48 113 65 174 165 142 134
56 114 30 145 73 182 196 153 115 112 185 64 63 86 168 54 104 158 150 176 177 179 199 28 173 148 111 188 92 23 171 68 36 98 82 172 66 156 34 50 27 194 147 42 144 132 116 100 140 169 167 87 157 187 49 44 146 189 106 109 46 159 152 70 170 38 129 88 131 192 101 72 184 53 22 47 175 99 121 166 80 96 51 149 143 65 174 97 142 134
169 200 114 123 142 195 134 160 187 136 117 145 135 44 9 146 182 196 74 109 161 90 128 102 159 152 170 191 193 104 120 183 192 150 176 101 105 133 177 72 184 23 137 53 47 190 99 166 89 118 119 178 162 84 77 126 172 108 149 181 155 156 48 93 113 65 97 174 167 42 144 132 116 100 127
169 78 114 150 141 160 148 154 83 187 117 197 67 189 14 164 118 106 172 71 155 66 139 76 57 181 143 152 103 168 191 97 129 104 167 131 158 192
81 195 160 49 136 67 197 146 182 189 115 153 112 151 102 152 168 193 88 129 62 183 150 133 179 199 173 184 111 148 137 83 171 36 121 85 198 118 80 125 39 181 103 156 143 59 97 10 167 42 116 157
79 200 195 160 187 136 117 145 189 182 196 153 186 106 185 61 94 161 107 57 170 168 193 191 163 120 158 101 176 122 105 133 179 199 177 173 137 148 83 188 175 154 190 166 80 95 172 155 156 143 103 15 124 147 165 42 127 157 100
157 56 35 110 195 30 141 160 187 32 136 145 146 189 196 153 115 112 185 138 106 161 46 57 102 152 63 170 191 193 163 129 62 131 183 120 158 192 176 101 122 133 177 199 179 137 188 92 83 171 69 68 43 98 22 99 121 166 130 89 178 3 80 95 172 71 103 156 40 59 50 113 27 174 194 167 147 132 140 127 100
