200 200
5 56 55 114 110 35 60 6 117 197 136 73 182 164 115 185 90 139 13 191 62 183 158 122 58 52 28 75 111 188 92 41 43 69 98 82 118 130 162 39 126 172 66 156 34 50 59 2 10 194 26 147 87 127 116 157 100 200 195 141 160 19 187 9 31 189 74 109 29 94 161 128 57 70 21 170 163 129 120 101 133 24 8 184 1 53 83 47 175 99 198 166 14 89 3 178 96 181 113 65 97
5 56 123 55 110 35 60 30 136 197 6 186 185 64 90 13 54 191 91 183 158 177 28 111 23 188 92 41 171 68 98 82 85 162 7 25 66 34 50 124 18 194 167 42 147 127 100 169 79 195 180 19 187 49 9 189 138 109 61 29 94 161 57 152 163 192 101 72 184 8 1 154 47 175 83 198 14 3 96 181 155 40 65 174
5 56 114 55 110 123 6 197 117 182 164 115 153 64 90 139 13 86 54 191 158 58 148 23 92 41 171 69 68 98 82 85 130 39 172 59 34 50 124 10 18 27 194 167 87 42 127 116 100 144 169 140 81 195 19 49 44 9 189 138 109 94 102 128 70 170 193 88 129 163 192 133 24 184 37 137 1 154 83 22 99 198 14 149 181 155 113 65 174 165 142
5 56 114 123 110 60 30 136 117 197 182 164 115 186 153 90 139 13 63 86 54 177 28 173 23 188 41 171 69 36 82 85 130 119 126 108 172 66 124 10 18 27 147 42 87 127 200 81 180 160 187 19 49 44 189 106 109 29 161 107 70 170 163 131 120 192 24 184 83 154 166 198 14 3 96 51 149 181 40 48 113 97 174 142
5 56 114 110 30 6 197 136 73 182 115 153 13 63 104 91 158 52 28 173 188 41 171 69 36 68 98 85 130 125 162 95 172 108 66 34 50 124 10 27 18 194 167 87 42 127 116 157 147 169 200 195 180 187 49 9 31 189 74 138 106 29 161 46 57 102 70 170 193 88 129 131 101 72 24 184 17 37 1 53 154 99 121 198 166 14 178 3 96 51 149 155 113 65 174 165 142
55 114 110 60 30 117 197 182 196 185 151 139 13 4 63 86 54 183 158 122 52 177 179 28 23 188 92 171 69 98 85 130 162 7 126 172 71 108 66 59 50 34 124 10 18 26 194 147 87 42 132 116 100 127 169 157 200 81 167 195 180 19 187 49 44 135 31 146 189 138 109 29 94 128 102 70 193 163 129 101 105 133 24 184 1 154 175 99 198 166 14 3 178 96 51 155 181 40 113 65 97 165 142
5 56 35 114 110 6 136 197 145 73 196 115 153 164 64 86 54 183 52 177 28 173 188 92 68 162 84 25 66 34 50 10 18 42 127 140 100 116 157 200 160 19 187 49 31 189 74 106 29 94 161 193 163 131 101 133 8 184 1 99 166 14 149 155 181 15 65 142
55 30 6 73 153 115 185 64 90 13 4 54 191 104 91 183 58 177 188 92 41 171 69 36 68 98 85 130 162 126 156 93 50 10 27 18 167 42 147 127 116 100 132 157 195 180 19 31 189 74 138 109 61 94 29 161 128 57 70 152 193 88 129 163 131 120 192 105 24 37 83 198 3 178 96 33 149 155 181 113 65 97
5 165 114 10 200 30 19 136 117 44 31 153 186 109 64 29 161 151 139 13 86 54 191 129 62 183 176 58 179 177 52 24 184 154 41 43 99 85 118 3 130 96 149 181 40 34 97 174 18 27 147 42 87 142 116 157 127
5 56 55 114 110 35 60 30 6 67 73 153 186 64 90 139 13 4 54 86 191 104 62 183 158 58 148 188 92 171 69 36 82 85 118 125 130 162 39 126 108 71 172 66 103 156 34 50 27 18 194 87 42 132 127 157 100 169 200 116 81 195 180 160 19 187 49 135 44 31 189 146 138 29 107 128 57 70 152 193 163 192 101 72 24 17 1 83 47 99 198 166 14 3 96 149 155 40 113 65 165 142
169 56 123 55 140 60 180 160 19 187 49 136 6 197 45 135 9 31 138 29 46 139 57 54 163 192 101 75 17 184 1 22 92 41 36 85 14 3 178 51 126 108 71 66 156 93 65 124 174 167 87 42 142 116 127 100
56 114 55 123 32 136 197 117 6 73 182 115 153 185 64 4 13 183 199 173 188 41 171 43 68 98 85 130 162 39 95 108 66 34 50 10 27 194 18 87 42 127 132 169 79 200 16 160 187 49 31 189 106 109 29 161 70 170 193 163 129 131 120 101 184 83 47 99 198 166 3 96 51 33 155
35 30 6 153 185 90 139 13 183 52 75 23 171 69 11 68 85 130 39 126 172 108 66 103 124 10 27 127 116 100 79 200 20 195 189 138 107 57 170 129 120 133 72 24 184 37 137 1 83 190 99 40 174 165 142 114 55 197 117 54 191 91 122 58 28 173 92 98 162 76 34 18 147 42 87 132 169 16 180 160 19 31 74 106 29 94 128 102 70 193 163 131 101 17 47 175 198 166 178 3 51 155 48 97
5 56 55 35 123 60 136 6 73 186 90 139 4 13 63 54 86 91 183 176 122 58 52 177 12 199 28 173 111 188 92 171 69 68 98 130 162 39 126 71 103 34 93 50 27 10 18 194 167 42 87 132 147 157 100 169 200 79 81 195 180 160 19 187 49 44 31 9 138 106 109 29 161 57 128 170 163 129 131 192 101 133 24 22 47 99 166 178 3 96 51 149 181 155 113 65 165
5 56 114 35 110 60 30 6 197 117 73 164 115 153 64 151 90 139 13 4 86 63 191 54 104 91 158 177 173 188 92 171 69 68 36 98 85 130 84 39 71 66 103 34 27 18 167 147 87 127 157 100 79 180 160 19 49 44 31 189 138 106 61 29 94 107 170 193 88 163 131 101 24 17 1 53 83 154 22 190 99 96 149 181 48 113 65 97 165
200 55 20 56 30 160 117 145 31 189 146 74 153 186 106 90 13 4 193 88 163 192 158 133 28 22 92 47 83 171 36 99 85 198 162 51 96 33 181 155 71 156 34 50 10 97 27 18 194 165 144 167
5 75 148 154 92 188 197 69 99 9 31 198 73 164 153 178 189 130 51 162 29 33 166 126 90 181 128 57 170 97 88 18 147 42 183 127
56 55 35 110 114 60 30 197 117 73 196 153 64 151 139 4 13 86 63 191 104 91 183 158 58 177 12 148 188 92 41 171 69 68 98 85 39 108 66 156 34 50 27 18 194 26 10 42 87 127 140 157 100 169 200 79 116 81 195 160 187 19 49 31 146 189 74 109 29 46 57 152 170 193 88 163 129 192 101 184 37 1 154 47 99 121 166 14 178 3 96 155 113 15 97 142
35 123 110 55 30 6 197 145 115 185 64 151 139 13 91 183 158 58 52 111 23 188 92 43 69 36 68 98 118 130 162 39 126 172 71 108 66 34 124 10 18 194 27 26 42 87 100 79 200 16 20 195 160 19 187 135 31 106 29 94 107 102 57 70 170 193 88 129 131 192 101 24 8 17 22 121 198 166 14 3 96 51 33 149 181 155 40 113 65 97 174 165 142
200 114 55 20 56 195 60 123 187 6 189 182 153 115 109 161 151 139 13 54 193 183 192 158 133 179 24 111 188 98 166 14 3 162 39 7 126 108 71 66 156 103 34 93 50 124 18 194 167 87 147 157
5 56 123 55 110 114 60 136 117 197 73 64 151 139 191 91 183 158 23 92 171 68 98 130 162 39 126 108 172 66 50 27 18 194 26 147 42 132 127 157 79 200 81 20 195 16 180 160 49 135 44 9 189 146 61 94 29 161 107 57 163 131 192 184 17 1 83 154 22 47 121 198 3 80 96 51 178 33 155 40 113
5 79 123 200 56 195 60 180 160 136 45 9 189 109 64 61 29 90 139 102 129 183 78 133 52 58 75 23 1 22 154 41 83 92 68 188 121 47 85 198 166 3 178 162 39 51 33 108 66 156 40 59 50 113 65 10 18 194 26 167 87 165 132 116 127 100
79 123 114 195 60 160 49 136 146 186 109 94 29 107 139 128 70 4 170 63 191 168 192 101 177 199 24 28 184 47 41 68 166 198 85 84 126 155 66 48 34 27 10 97 194 142 127 157
56 35 123 110 60 30 6 197 136 73 153 185 64 151 90 139 13 191 91 183 177 188 92 41 171 69 68 98 82 118 130 7 126 50 194 147 87 127 140 169 200 20 81 195 180 187 49 135 9 189 29 161 128 88 129 131 192 101 133 24 37 137 53 47 99 198 51 149 155 181 113 65 97
123 114 110 60 30 136 197 6 145 182 164 115 153 139 13 191 91 183 58 12 28 75 23 188 171 43 98 85 130 162 39 7 126 172 66 103 93 50 124 10 18 27 87 127 140 157 100 79 195 160 187 135 9 189 146 109 61 29 107 46 102 128 57 70 163 120 101 133 184 17 154 99 198 14 3 96 51 149 155 40 113 165
5 56 35 114 110 55 60 30 6 197 115 153 186 151 90 139 13 63 86 191 104 91 158 150 122 177 12 28 23 111 188 92 41 68 98 82 130 125 25 126 71 66 103 34 50 124 10 18 194 147 42 127 116 140 100 169 200 157 81 79 195 180 160 19 49 44 135 31 9 74 106 109 161 107 57 170 163 120 133 8 37 53 83 47 22 190 154 121 198 89 3 96 51 149 155 40 48 113 65 174 97 142 134
35 55 110 30 6 67 197 145 117 73 164 115 64 90 139 4 13 54 104 158 58 75 111 188 92 69 68 98 85 130 162 126 108 66 103 156 93 50 34 10 18 26 194 167 42 127 140 157 100 169 79 200 81 20 195 132 49 44 31 74 138 109 29 161 57 102 128 163 129 131 192 101 24 184 99 198 166 14 178 3 80 51 96 149 181 40 65 97 165 142
169 200 114 160 19 136 117 6 31 73 189 182 115 138 106 64 61 139 54 63 129 91 158 101 192 122 179 184 188 92 47 43 83 36 99 98 121 198 166 14 96 155 71 40 34 113 50 174 18 194 10 147 127 132 142
5 56 114 110 136 197 117 73 196 164 185 64 139 13 54 86 191 91 183 158 179 12 188 92 36 85 82 130 119 39 7 126 108 66 34 50 2 167 42 147 127 140 100 87 200 81 195 160 49 135 44 31 138 106 109 29 102 193 129 163 78 184 17 37 1 99 121 14 3 51 149 155 40 113 65 97
5 56 114 123 110 55 30 6 136 197 145 153 115 185 64 90 139 13 63 58 52 199 75 173 188 92 41 171 68 98 85 130 162 39 7 126 108 71 103 59 50 124 27 18 167 87 147 127 140 100 157 169 200 79 16 42 195 180 160 19 44 135 31 189 74 106 109 94 29 46 128 70 88 163 129 192 101 133 24 8 17 137 83 22 154 166 198 80 96 51 155 181 40 113 65 174 165 142
56 114 55 110 123 60 30 136 145 73 153 112 185 64 13 54 104 91 62 183 122 58 179 92 69 36 85 130 119 162 39 25 126 172 66 59 34 2 124 18 194 10 167 87 42 127 116 157 100 20 180 160 19 49 44 135 31 189 106 109 61 46 57 102 70 163 129 131 192 24 8 184 37 137 83 175 198 14 3 96 51 33 149 155 181 113 174 97 142
5 123 55 110 35 60 30 136 197 6 185 90 139 13 191 104 183 158 176 58 28 75 23 188 92 69 36 68 98 85 162 39 7 172 71 108 66 103 34 93 124 27 10 26 194 167 87 18 116 157 100 169 79 16 81 49 31 189 106 109 29 94 161 107 46 129 163 131 101 24 17 37 83 47 154 99 121 198 14 3 149 155 40 113 65 174 142
5 55 35 110 60 30 6 136 197 115 186 185 139 13 104 183 158 52 177 28 75 111 188 41 171 11 36 85 82 118 125 162 39 126 108 71 172 66 156 103 34 124 10 18 194 27 42 140 157 100 79 195 180 160 19 49 44 135 31 189 146 74 138 109 61 29 94 107 46 57 128 170 193 163 131 120 192 101 133 24 184 22 47 154 83 121 166 198 3 96 149 181 155 40 48 113 65 97
5 56 55 123 114 30 197 186 112 185 90 139 13 63 183 158 58 69 68 98 85 82 130 162 39 25 126 66 103 156 27 167 42 147 116 100 157 140 79 200 20 195 180 160 19 109 61 29 161 57 152 70 88 129 131 192 101 78 105 184 17 99 198 14 178 3 51 143 65 142
5 56 55 60 136 164 115 64 90 139 13 63 54 86 183 158 12 28 41 171 69 68 98 118 130 39 108 103 34 50 10 27 26 167 87 116 100 157 79 81 195 180 160 187 49 31 189 138 106 61 94 57 128 70 170 193 88 129 163 120 192 133 24 137 83 166 89 14 198 80 178 3 51 96 33 149 155 113 174 165 142
56 114 55 81 195 110 180 160 136 117 6 44 135 197 73 189 164 138 106 185 29 94 151 139 152 13 86 193 88 129 91 101 58 52 24 28 148 154 92 171 121 98 166 198 130 3 149 71 66 156 113 124 10 18 194 147 167 142 157
5 123 114 110 55 35 60 30 136 117 197 145 153 186 185 64 151 90 139 13 4 63 91 62 183 158 177 52 28 188 92 41 171 11 69 98 85 130 162 39 7 126 71 66 34 50 124 10 18 194 26 167 87 42 127 147 100 116 27 200 79 81 169 195 160 49 189 29 161 107 152 170 193 88 129 192 101 133 24 184 22 154 190 99 166 198 14 80 3 51 149 155 40 113 65 174 97
56 35 110 30 6 115 186 185 64 4 104 183 52 111 41 171 69 68 85 82 130 39 126 172 66 103 10 27 127 100 200 81 20 195 109 107 46 170 88 129 133 24 8 184 37 1 154 22 99 113 165 142 5 114 55 117 197 191 91 158 28 188 92 36 162 84 34 93 50 18 194 147 87 42 157 169 180 160 19 44 31 146 106 61 29 94 70 131 192 101 47 175 198 89 166 3 178 96 51 149 181 65 97
79 35 81 195 30 160 19 49 44 73 185 29 90 102 70 4 13 63 193 163 129 91 104 62 133 17 188 154 69 99 98 198 166 3 96 39 51 162 172 50 113 27 18 167 42 127 116 100 157
5 35 55 110 114 60 136 6 115 186 153 185 64 90 13 4 54 191 91 183 158 122 58 199 75 188 92 41 171 69 36 68 98 82 130 39 84 126 108 71 103 34 50 124 27 10 194 147 42 167 127 140 100 157 116 79 200 81 169 195 87 180 160 19 135 189 146 138 109 29 161 46 128 102 70 170 131 120 192 101 24 8 37 1 83 154 175 99 198 14 3 96 51 33 181 155 40 113 65 97 174 165
5 81 195 180 160 19 136 135 44 9 31 189 115 186 106 109 29 139 57 128 13 191 163 104 183 24 28 17 148 154 188 41 43 69 83 36 175 198 82 166 130 51 39 172 181 71 155 40 34 50 15 124 10 18 27 97 165 87 157 100
114 123 45 145 73 153 90 139 54 191 104 183 92 41 43 68 82 130 7 126 172 71 66 103 93 50 124 27 18 194 10 167 87 42 127 140 100 116 169 200 147 157 195 19 49 135 31 189 138 106 109 61 29 161 46 57 70 163 131 192 101 133 24 184 1 137 83 154 99 166 14 3 96 51 33 155 113 65 174 97 142
5 35 114 55 110 30 136 197 117 182 164 153 186 64 90 139 54 63 104 183 122 58 177 28 188 41 171 69 98 82 85 130 119 162 39 95 126 172 108 71 66 103 156 34 50 93 124 10 18 27 194 147 42 127 132 100 200 79 81 195 180 160 19 49 135 31 189 74 138 106 109 29 161 57 170 193 163 101 133 8 17 184 1 22 47 154 83 99 166 3 96 51 33 149 181 48 113 65 174 97
5 56 55 60 30 136 197 73 151 90 139 63 54 191 104 183 58 188 92 41 82 130 84 7 126 108 34 50 124 27 10 18 87 127 116 157 200 81 195 44 135 9 31 189 106 109 94 107 46 70 163 24 17 22 154 83 99 121 14 96 33 149 155 65 165 142
79 110 180 30 19 6 197 135 189 182 74 153 138 146 151 90 128 158 179 28 37 1 23 22 47 92 69 98 85 198 125 96 39 84 33 95 66 48 113 50 65 124 27 97 10 167 165
5 56 35 55 110 123 60 136 117 6 145 115 186 90 139 54 63 86 91 158 58 177 28 75 111 188 41 171 69 36 68 98 85 130 126 108 71 66 76 103 50 124 10 27 194 18 147 42 116 157 100 169 200 79 20 195 180 160 19 49 44 135 189 74 138 109 29 161 107 57 102 152 70 193 88 163 129 120 101 24 17 137 22 47 83 190 154 99 121 198 14 3 178 181 155 15 65 174 142
5 56 114 35 55 123 110 30 136 6 45 73 182 115 151 4 13 63 191 104 91 122 58 177 75 188 92 41 43 69 98 82 130 118 162 39 7 108 71 66 76 34 50 87 127 132 157 169 79 195 160 19 49 31 189 138 57 88 131 192 105 24 8 184 1 175 99 198 166 14 3 96 51 149 155 40 113 65 174 97
5 56 114 55 110 60 30 136 197 6 73 182 115 186 90 139 4 13 54 191 91 158 122 58 28 75 92 171 69 68 98 130 118 162 39 95 172 66 156 34 50 27 194 167 42 87 147 116 157 100 140 200 81 195 180 160 19 187 49 44 135 31 9 189 138 106 109 94 161 46 128 70 170 163 129 131 120 101 78 133 24 184 8 137 83 99 198 166 3 178 96 51 155 181 40 48 113 65 142
56 35 110 60 136 6 164 153 112 90 139 4 63 104 91 183 158 150 12 75 148 188 92 43 69 36 68 98 171 82 130 162 39 7 25 108 71 34 2 10 27 194 18 167 147 42 127 140 100 81 195 187 49 31 9 74 138 106 109 29 46 102 57 128 70 88 163 101 24 184 17 8 1 175 99 166 198 178 3 96 155 181 40 113 65 174 165
56 55 114 110 30 136 197 45 117 73 164 115 186 153 151 90 139 4 13 86 91 183 58 52 179 188 171 69 36 85 130 118 125 162 39 126 103 156 34 50 124 10 18 194 27 167 42 87 127 140 116 100 157 81 195 180 160 19 187 135 44 31 9 146 189 74 106 109 61 29 57 128 70 170 193 88 163 129 192 101 24 8 17 1 154 47 83 175 22 99 198 166 14 3 155 113 174
169 35 81 110 19 49 6 117 135 44 31 73 182 164 115 153 106 185 64 29 94 128 4 88 129 163 91 183 101 58 52 179 24 23 188 47 175 171 69 68 99 98 43 85 14 178 3 84 39 51 25 126 108 172 149 66 113 65 18 42 142 100 157
169 79 110 60 6 31 74 106 109 94 29 90 46 57 70 4 191 163 91 183 158 122 133 154 99 198 130 3 162 39 7 126 27 87 142 157 100
123 60 135 9 31 182 186 185 61 29 161 128 57 70 13 193 129 163 91 120 183 122 58 24 28 37 111 171 69 36 98 166 85 89 3 96 51 39 126 149 76 156 50 65 10 18 167 42 116 157 100
56 79 114 110 30 19 49 136 6 9 164 153 115 106 185 64 46 57 4 13 63 170 191 129 131 183 158 101 58 22 47 92 69 85 14 3 96 39 51 108 71 113 50 18 87 42 127 157
114 81 55 195 19 49 6 197 145 44 146 74 112 106 64 61 46 139 128 57 70 4 86 54 193 129 104 91 133 58 179 24 8 17 41 43 68 99 98 198 89 14 130 3 162 39 108 34 113 65 97 194 167
5 56 79 114 81 123 110 20 200 30 187 49 9 74 115 153 106 109 61 94 29 46 90 139 13 191 163 158 101 78 173 184 188 47 69 68 98 198 85 130 178 96 126 108 66 143 103 65 2 194 167 132 127 100
169 56 114 20 123 195 110 60 160 49 135 44 31 153 138 106 109 94 29 90 139 128 70 86 158 28 1 188 154 92 171 68 99 36 82 178 33 7 126 108 34 113 124 10 97 194 147 127 116 100
56 79 110 58 52 60 180 28 83 136 117 69 6 98 106 96 109 162 94 126 107 181 90 66 71 4 124 97 174 129 27 167 165 163 127 142 147 101
55 35 114 30 6 197 145 73 153 185 90 139 54 86 63 191 91 158 176 52 179 111 92 98 130 162 77 108 66 103 76 50 10 194 167 42 147 132 127 100 157 79 160 49 135 9 31 146 189 106 29 94 161 128 170 88 129 101 133 24 184 8 47 99 198 14 80 51 149 155 181 40 65 15 97 174
56 35 123 55 114 60 30 136 197 45 73 164 186 151 90 139 104 91 183 176 177 199 28 75 148 188 92 43 69 68 98 85 82 130 39 172 108 71 66 156 34 10 27 167 87 116 100 200 79 195 160 19 49 44 106 109 61 94 29 107 46 57 102 128 70 129 131 101 24 17 37 1 83 121 166 14 3 51 149 155 113 65 165 142
5 114 35 110 60 136 73 115 186 185 151 90 13 54 191 104 91 183 58 52 28 188 92 41 43 69 68 36 98 85 130 118 162 39 95 7 25 172 71 108 66 156 34 93 27 18 194 10 167 127 116 140 169 200 195 160 19 49 44 31 9 189 146 74 161 107 46 128 70 170 193 163 129 131 192 105 133 37 137 1 154 83 175 47 99 198 51 33 149 155 143 40 48 113 174 97 165 142
123 55 35 160 187 49 6 197 45 135 136 74 153 164 109 64 29 161 90 139 170 163 183 179 184 17 37 8 83 175 171 68 99 98 121 198 84 39 71 155 156 34 113 50 124 10 174 27 42 127 142 116 157
16 180 160 136 135 44 189 153 106 29 151 90 139 128 193 163 104 91 133 8 111 92 69 68 98 198 166 96 126 108 155 34 174 10 194 42 142 157 100
5 56 123 55 60 136 117 197 164 115 153 151 90 13 4 63 54 191 86 104 58 179 52 28 111 188 92 69 36 68 98 162 172 156 34 50 10 18 194 26 167 42 27 127 116 157 100 169 79 200 195 160 19 187 49 44 135 31 9 189 74 138 106 109 29 161 102 170 193 163 129 101 24 17 37 1 22 47 83 154 99 198 14 3 96 51 149 143 40 113 65 97 142 134
5 56 114 35 6 145 182 164 186 185 64 90 4 13 86 183 58 28 92 69 98 85 130 126 172 71 108 66 34 50 59 10 18 194 27 167 42 147 127 116 140 157 100 79 19 187 44 9 189 106 109 61 29 102 170 193 163 192 101 133 24 1 83 154 121 198 14 3 96 51 155 97 142
5 56 35 114 60 30 6 197 45 73 164 186 90 139 4 91 158 58 177 179 75 148 23 171 69 68 98 82 118 39 126 172 71 50 2 27 10 194 18 124 42 147 127 116 100 169 79 200 81 195 135 31 189 74 94 70 88 163 129 120 133 24 184 17 1 83 22 47 99 121 166 198 80 96 149 113 65 97 174 165
5 55 110 30 117 145 153 186 185 151 90 139 13 4 91 183 58 177 179 188 69 98 85 39 84 172 108 34 50 27 18 26 147 42 127 116 79 195 49 44 31 189 29 161 46 57 102 70 163 129 192 184 8 154 99 121 166 198 14 3 51 181 48 113 65
5 200 169 195 60 30 160 19 197 135 145 9 189 182 74 185 29 107 139 102 128 70 4 152 13 54 193 62 183 192 199 24 28 184 1 53 154 92 41 43 68 36 82 14 80 3 178 51 7 33 172 149 108 93 113 34 65 27 18 26 167 42 127 116 100 140
5 123 110 30 115 64 90 4 54 86 104 91 183 23 92 85 130 125 162 39 77 7 126 108 66 156 103 34 124 18 147 87 157 169 195 180 187 19 49 31 189 109 94 29 161 107 57 102 70 170 88 163 129 131 192 101 24 17 1 22 47 121 166 3 96 40 48 113 65 174 142
5 35 110 180 19 136 197 31 185 109 29 161 70 13 54 63 104 183 192 101 158 75 137 111 83 69 36 68 130 178 3 149 155 181 113 50 27 18 194 97 167 165 87 132 157
5 79 56 20 55 114 110 60 30 160 49 197 44 31 153 115 106 109 107 46 90 139 128 57 4 63 129 104 131 120 192 158 58 24 8 184 154 41 190 69 99 118 130 162 39 126 155 34 50 65 10 27 26 142 116 100
110 195 197 74 115 186 138 61 161 4 13 191 129 122 52 24 184 37 1 188 47 41 68 98 198 166 3 178 96 149 181 156 113 18 165 42
169 79 123 60 160 49 136 45 189 4 86 193 129 158 101 133 199 184 37 92 69 82 85 130 3 96 126 71 66 34 65 18 194 26 167 42 127 116
79 114 81 16 30 180 19 49 135 185 161 151 46 139 128 70 13 63 170 191 163 183 101 28 173 17 37 111 41 171 36 68 39 51 126 66 50 65 10 194 167 142 140 157 116
5 56 114 55 110 60 30 136 117 197 45 73 115 186 185 151 90 139 4 13 54 191 183 158 58 179 199 75 173 23 111 148 92 41 171 69 43 36 98 82 162 39 84 126 108 71 66 10 18 194 27 147 42 87 127 167 100 200 16 79 20 160 135 44 9 31 189 138 106 109 29 107 152 70 170 193 129 163 101 133 24 184 17 1 154 47 83 198 14 178 3 51 33 181 113 65 174 142
5 35 114 110 55 60 136 182 196 153 186 115 64 90 139 13 4 54 183 158 58 177 111 188 69 36 82 85 130 39 7 126 71 103 156 34 50 124 26 167 87 42 147 116 157 100 127 79 200 81 195 160 44 189 146 74 138 106 109 61 161 128 70 163 1 22 154 175 47 83 121 198 149 181 155 113 65 97 174
169 5 35 81 200 114 123 195 30 160 6 117 189 153 138 106 109 29 161 107 90 57 70 191 88 129 163 91 131 183 158 177 184 75 23 188 92 41 171 69 99 98 121 198 89 14 3 178 162 51 155 66 103 93 50 65 174 27 194 10 87 42 132 127
56 30 32 136 6 186 13 63 75 188 92 41 43 69 85 162 126 66 34 50 2 10 18 27 167 42 87 132 127 157 169 187 19 49 44 135 9 31 189 109 29 128 152 170 193 163 129 131 192 101 78 184 17 137 154 99 121 198 3 178 51 181 174 97 142
5 56 55 123 110 35 60 6 117 136 73 153 186 115 185 90 139 13 4 54 91 183 158 58 199 12 173 111 188 92 41 171 69 98 85 82 130 162 7 71 76 103 50 10 18 194 147 167 132 157 100 169 200 79 81 195 180 160 19 187 49 44 135 9 31 189 138 106 61 29 128 57 70 170 163 129 101 24 8 83 121 166 14 3 96 51 149 181 113 97 165
56 114 110 60 6 153 186 64 4 63 86 91 183 179 12 111 188 92 41 171 68 36 98 85 162 39 95 25 7 108 66 34 27 18 10 194 147 42 167 127 132 157 140 79 200 189 146 74 106 61 29 107 128 88 192 133 184 137 83 22 121 198 14 3 96 51 149 40 113 142
5 56 35 110 60 30 136 197 117 6 182 164 153 186 115 191 91 62 183 58 179 28 23 188 92 41 171 69 68 98 85 82 130 118 39 108 66 34 2 124 10 27 18 147 87 42 127 100 157 169 200 195 160 44 31 74 106 161 152 193 163 120 192 78 184 37 83 47 154 198 89 14 96 51 149 155 40 113 142
5 56 114 110 136 117 153 186 115 185 90 13 63 191 104 183 158 58 28 173 23 92 171 69 68 98 85 118 130 162 126 108 71 66 103 34 50 124 26 147 87 42 127 140 100 116 79 200 160 187 49 135 31 29 107 128 163 120 101 184 8 22 47 83 99 166 3 178 48 113 97 174
5 79 56 200 110 55 16 30 160 19 187 49 117 197 145 115 138 106 109 185 61 29 153 46 128 70 4 183 101 133 58 12 24 28 1 23 83 188 22 171 69 36 98 121 85 82 130 3 162 108 181 155 149 156 40 34 50 113 174 10 42 157 100
5 56 55 123 110 35 60 6 136 117 197 145 182 115 186 185 64 151 90 139 13 63 54 183 158 58 179 52 199 12 28 23 148 92 41 69 68 98 130 118 162 39 7 126 108 71 66 103 93 50 34 27 18 194 10 147 87 167 100 157 169 200 79 81 195 180 160 19 187 49 44 135 31 74 106 109 29 161 128 57 170 88 163 129 131 101 72 24 184 8 37 137 154 83 175 99 121 166 14 3 178 96 51 155 40 48 113 65 174 97
56 123 55 110 35 60 136 197 45 145 153 185 139 13 191 104 91 158 177 179 28 75 188 171 69 36 98 130 162 39 7 108 71 93 50 27 18 167 140 100 157 169 79 200 116 195 49 9 31 189 106 109 29 161 102 170 193 163 129 192 72 8 184 53 83 22 99 3 178 149 155 181 113 65 97 174
114 81 20 180 30 187 49 31 9 189 74 196 29 107 90 139 13 170 104 120 122 58 52 17 23 148 188 47 41 171 154 99 121 98 85 14 130 50 113 65 97 174 194 18 167 165 100
55 30 49 6 135 31 73 153 186 185 139 70 4 170 193 88 104 91 183 158 192 184 111 69 98 85 198 14 80 96 39 126 155 66 65 27 10 97 147 142 116 100
5 56 114 35 60 30 136 117 197 164 115 186 112 64 151 90 13 54 191 104 91 183 158 177 12 28 92 41 171 69 68 98 130 162 84 126 108 172 66 34 2 10 18 26 194 167 87 42 147 116 100 127 169 79 200 81 195 180 19 135 31 189 146 106 109 61 29 46 128 70 170 88 129 120 101 133 24 184 37 137 1 154 47 83 22 99 121 166 198 3 96 40 48 113 65 97 174 142
56 55 123 110 60 30 136 117 145 196 115 151 90 139 13 54 191 183 158 177 52 12 28 148 188 68 98 85 130 7 25 126 66 103 34 10 27 194 147 87 167 42 140 100 157 127 79 116 81 16 195 180 160 187 19 49 135 31 9 189 138 106 61 29 94 102 57 70 193 88 129 163 131 192 101 105 24 184 1 22 154 83 99 121 3 96 51 149 155 48 113 65 97 165
110 60 30 6 115 13 63 191 91 183 177 111 92 36 130 39 66 156 34 124 10 18 147 42 87 127 116 100 140 157 200 132 20 195 49 31 189 106 109 94 57 70 88 163 192 101 105 24 17 1 137 22 47 154 198 3 149 113 65 142
5 56 35 123 110 30 136 117 45 164 153 185 64 90 13 4 191 91 183 158 176 179 92 41 69 68 98 85 82 130 162 126 108 66 156 50 27 18 167 42 87 127 147 100 157 79 81 160 187 49 44 9 31 189 74 138 106 109 61 29 46 57 152 170 193 129 101 24 184 17 37 137 53 154 83 99 121 198 166 14 3 96 51 33 149 155 40 113 97 174
5 56 55 200 110 195 180 160 19 187 136 135 138 106 70 170 104 183 158 192 133 52 28 184 17 111 154 92 41 83 171 36 99 121 166 85 198 77 59 50 65 15 27 174 97 194 87 42 127 100 157
200 79 195 180 30 19 6 153 138 106 185 61 29 94 161 90 139 13 86 191 88 129 91 192 105 58 133 179 24 23 83 47 41 92 69 68 36 98 85 130 3 119 178 155 66 50 65 174 194 26 167 87 127 116 100
79 200 20 195 60 30 180 19 197 117 135 9 73 138 106 109 64 29 161 46 90 128 57 70 63 54 129 163 183 158 192 133 179 24 75 8 83 154 92 171 69 68 36 98 85 82 198 3 108 181 66 103 40 113 2 10 18 174 147 87 142 157
55 35 110 123 60 30 6 197 117 45 115 185 64 90 139 13 4 63 191 183 58 52 177 12 75 111 188 92 41 171 69 68 43 98 130 126 108 103 34 50 59 2 10 18 194 124 147 87 127 116 100 157 169 79 16 195 160 19 44 31 189 106 109 29 94 161 107 102 170 193 88 129 163 131 120 133 72 24 184 37 1 83 47 22 99 198 96 51 155 181 113 65
169 5 123 56 195 60 160 49 136 197 31 74 61 29 90 128 70 163 62 158 101 192 58 8 188 92 69 99 98 85 166 162 39 126 149 108 93 50 34 2 18 194 42 165 127 142 100 157
5 169 114 81 79 110 56 55 160 187 49 136 145 9 182 115 106 29 63 129 131 101 176 179 72 53 83 188 69 68 166 89 82 3 162 51 149 155 181 66 113 15 157 100
5 123 35 19 197 135 44 189 196 153 109 61 170 163 183 78 133 28 184 37 23 148 154 47 171 68 99 166 89 85 130 181 155 34 113 124 27 18 10 174 147 194 127 100
200 35 81 195 60 19 49 136 197 135 189 74 161 46 90 139 88 58 177 24 17 1 111 190 43 98 121 130 3 126 66 34 59 124 10 167 116
55 81 110 49 9 164 106 185 61 29 102 13 54 63 129 163 183 177 24 188 92 41 98 198 14 130 178 96 51 162 126 66 34 50 124 97 194 116
5 79 114 101 100 177 17 37 137 19 154 83 92 197 44 98 14 115 106 107 181 90 155 151 57 34 63 163 91 87 42 142 127 157 140
5 56 123 114 195 30 136 197 31 189 115 153 29 94 151 90 139 57 128 70 13 4 170 54 129 163 62 192 101 150 58 177 179 12 24 28 184 199 148 154 83 41 190 188 36 171 121 82 89 198 130 3 80 162 39 118 77 7 85 149 155 108 113 174 147 42 87 127 140 116 157
123 110 30 6 64 151 90 54 191 104 158 28 188 92 43 69 68 98 118 71 76 103 34 124 27 194 42 127 116 140 100 169 132 16 195 160 44 135 189 29 128 193 88 163 129 131 120 192 184 1 83 154 22 99 198 14 51 40 65 97 174
5 55 35 110 30 136 117 197 6 73 182 151 90 139 63 191 62 183 158 179 52 12 177 28 75 173 188 41 68 36 98 82 85 130 162 39 7 126 71 156 34 50 10 18 194 27 42 127 116 100 157 169 200 79 81 132 195 180 160 19 49 189 74 138 61 29 161 46 102 128 70 163 129 101 105 24 184 1 83 154 198 3 80 96 51 149 181 48 113 174 142
5 56 55 35 114 110 60 136 197 6 164 153 115 90 139 4 13 54 191 158 28 75 148 92 41 43 69 36 68 82 118 130 162 39 7 126 172 34 124 10 18 167 147 42 132 116 157 127 140 100 81 180 160 19 135 31 9 189 74 106 109 94 29 161 46 102 128 38 163 129 88 101 133 8 22 47 83 154 198 166 14 89 3 96 51 181 113 65 174 165 134
5 56 55 35 110 114 60 30 6 136 45 197 164 115 151 13 54 63 191 104 91 183 158 150 58 179 173 23 148 188 92 41 171 69 68 98 85 82 162 7 126 108 66 103 34 50 59 10 18 194 147 87 42 127 140 157 167 169 81 195 160 187 135 189 74 138 106 161 57 128 70 170 193 129 163 131 120 192 101 24 184 17 83 47 22 99 3 178 96 51 149 155 65 97 165 142
5 56 55 123 60 30 136 117 45 145 73 164 115 186 153 64 151 90 139 4 13 63 104 91 183 158 58 28 75 188 92 43 69 68 171 98 85 162 39 172 71 66 103 34 124 18 194 147 87 42 127 167 100 157 140 79 16 200 195 187 19 49 135 44 9 189 74 106 109 61 70 193 88 163 129 131 105 133 24 8 17 1 53 22 137 166 198 14 3 178 96 51 155 113 65 174 97 165 142
56 79 81 35 114 55 49 136 135 9 31 153 106 109 64 61 29 161 151 46 139 13 170 54 193 129 91 120 78 133 58 199 28 184 1 53 188 47 41 83 92 36 99 98 198 130 118 162 51 39 77 149 66 156 50 65 124 10 18 27 174 147 165 97 127 132 142 116
35 110 60 6 67 115 186 64 90 139 104 179 177 23 41 171 69 68 85 130 126 172 108 66 156 103 59 27 10 127 116 200 79 20 195 187 9 189 138 109 161 46 57 152 133 24 37 1 137 22 83 154 99 14 33 113 5 55 114 123 136 197 45 145 117 199 28 188 92 36 98 162 93 50 34 18 194 147 87 157 169 180 19 49 44 146 74 106 94 29 128 102 70 193 163 101 47 198 166 3 96 51 149 155 181 143 97
56 114 55 35 30 6 117 136 197 73 115 186 64 90 139 13 54 168 158 58 173 111 188 41 69 68 36 98 85 82 130 162 126 108 103 34 50 27 18 10 167 147 87 127 116 100 157 169 79 200 81 16 195 42 180 160 187 19 49 135 44 9 74 106 109 94 161 46 70 88 163 129 131 192 24 184 17 137 1 154 99 121 3 51 33 155 181 40 113 15 65 174 97 142
5 56 55 35 110 30 6 197 45 73 115 185 64 13 63 58 28 188 92 41 171 68 98 85 130 162 126 71 156 103 59 50 34 2 124 18 26 87 42 157 169 200 20 81 195 160 187 49 135 9 189 146 138 106 161 46 57 70 170 193 163 120 192 101 78 24 184 137 83 154 99 121 166 198 3 80 149 181 155 113 174
5 56 114 35 110 55 123 60 30 136 117 197 145 73 196 164 186 64 90 139 13 4 54 63 104 183 58 28 75 188 92 41 69 36 85 162 39 7 126 108 103 93 50 34 124 10 27 194 18 147 42 167 127 140 100 157 116 200 79 195 160 49 31 189 109 61 29 107 57 70 193 88 129 163 101 24 37 137 1 22 83 47 198 166 14 178 3 96 51 181 155 113 65 97 165
56 114 123 110 60 30 197 117 145 196 153 64 151 90 13 4 63 86 191 104 91 183 158 58 28 75 41 43 68 98 85 162 39 108 66 103 50 18 194 167 87 42 127 132 157 140 116 200 195 19 44 135 146 106 109 161 46 57 70 193 163 129 131 101 24 8 83 99 198 3 96 51 149 181 65 97 174 142
79 55 200 16 30 160 187 19 6 164 196 74 106 185 29 90 128 70 170 63 91 62 158 101 133 179 12 28 17 37 137 111 83 188 175 99 121 98 82 198 85 14 3 84 71 66 50 65 113 27 174 194 97 18 42 87 10 140 100
56 55 123 110 114 60 6 117 197 145 73 115 185 90 139 13 54 63 91 183 158 176 177 52 111 23 188 148 41 43 69 36 98 85 130 125 118 162 39 71 66 103 93 50 34 10 18 194 27 167 42 87 127 116 140 157 169 200 79 20 147 100 180 160 187 49 44 135 31 9 189 109 61 94 29 161 57 128 170 88 131 192 78 24 17 37 1 53 154 47 99 198 14 3 51 155 181 113 65 97 174 142
56 110 6 182 115 185 64 90 139 13 4 104 177 75 69 68 85 39 108 71 66 103 156 124 10 27 127 116 100 200 79 81 135 189 109 161 107 46 88 129 24 184 37 1 154 83 121 14 40 142 5 114 197 45 145 196 54 91 158 122 28 188 92 36 98 162 34 50 93 18 194 167 42 147 132 140 157 180 160 19 44 106 61 29 193 163 131 192 17 47 175 166 89 198 3 96 51 149 181 65 97
5 56 123 55 110 114 30 136 6 45 73 115 186 90 139 4 13 63 104 183 158 177 28 188 69 68 98 82 130 125 39 126 71 66 34 10 18 194 26 42 87 127 157 169 79 200 81 180 160 19 9 189 106 61 46 57 88 129 163 131 24 1 154 47 121 198 178 96 155 40 174 134
56 110 30 6 153 115 186 64 90 139 13 4 86 104 183 12 75 41 171 69 68 85 82 130 119 126 71 66 103 156 2 10 27 127 116 100 200 79 81 195 135 189 57 152 170 88 129 72 24 184 137 1 154 83 99 33 113 174 165 5 55 136 197 45 145 117 196 63 191 176 58 28 148 188 36 98 84 95 76 34 50 18 194 167 87 42 140 157 16 49 31 146 106 61 29 128 163 192 101 198 166 3 51 149 181
5 123 55 35 60 117 73 196 115 153 185 139 13 4 54 91 62 158 122 177 173 111 148 188 92 41 171 69 85 39 126 108 66 156 103 34 50 10 18 194 26 27 127 132 100 157 169 79 200 20 160 19 49 189 146 61 94 161 102 129 192 101 24 184 137 83 154 190 99 198 14 3 96 181 143 113 15 97
55 35 110 30 6 197 73 115 186 153 139 191 104 91 183 158 122 58 12 28 188 92 41 69 68 36 98 85 82 130 172 71 108 103 34 124 10 18 27 194 167 87 42 127 132 157 100 200 79 81 195 180 160 19 187 49 44 31 9 189 138 109 29 161 46 128 70 170 129 163 192 101 24 37 83 47 175 154 198 89 3 51 181 113 65 174 97 142
56 35 60 6 67 73 182 164 115 186 90 139 13 4 183 52 12 111 171 69 68 85 82 130 39 126 108 66 103 59 124 10 27 116 100 200 135 9 189 109 161 107 88 129 120 78 133 24 8 184 1 137 154 99 14 174 142 5 55 114 136 197 117 63 54 158 58 28 148 188 92 98 118 162 84 93 50 18 194 42 87 157 169 180 160 19 49 44 31 146 74 106 29 102 128 193 192 101 17 53 47 166 89 3 96 51 149 155 65 97
169 79 56 114 110 140 200 160 19 49 136 6 135 73 189 115 138 94 161 70 4 54 193 163 104 62 183 158 101 133 75 23 111 83 92 154 47 69 82 85 198 130 3 166 51 126 149 71 108 50 65 10 18 26 194 97 87 127 116 100 157
56 35 123 55 136 197 145 73 182 164 153 185 64 151 90 139 13 86 63 104 183 158 176 58 177 28 111 148 188 92 171 69 68 36 98 82 118 130 39 126 108 71 172 66 156 103 34 50 124 27 10 194 18 147 42 167 127 100 157 79 81 195 160 49 31 189 106 61 29 161 107 102 163 120 184 17 1 22 83 190 99 121 166 198 14 3 51 33 181 143 113 65 97
56 55 35 110 123 60 30 6 117 136 197 145 153 186 185 90 139 4 54 91 183 158 52 75 111 171 69 98 85 82 130 126 71 66 59 50 124 18 194 42 116 157 100 200 81 195 187 49 44 135 9 31 189 74 29 57 70 129 131 192 101 133 1 83 154 99 198 14 3 51 149 181 113 65 97 165 142 134
100 56 123 200 195 30 160 49 136 197 31 138 61 94 161 151 46 90 70 54 88 129 104 120 22 92 188 68 98 198 118 178 3 51 172 71 181 108 50 65 18 167 142 116 134 157
5 56 123 6 117 136 182 186 90 4 13 63 104 91 62 183 58 52 199 28 173 111 23 188 171 69 68 85 82 118 125 162 7 126 108 66 103 93 59 50 34 27 18 10 167 87 42 157 100 169 79 20 195 160 187 135 189 61 161 128 70 88 129 163 131 101 105 24 17 37 137 154 83 99 121 198 166 14 178 96 51 149 181 65 97 142
56 114 55 110 60 136 197 6 153 115 64 90 139 63 183 179 177 23 188 41 171 68 98 85 130 162 39 77 126 172 71 103 27 18 26 167 87 116 100 157 79 20 81 160 187 49 44 9 189 106 109 94 29 161 128 70 163 129 192 101 24 8 83 154 198 14 3 149 113 97 165
5 56 114 55 35 60 30 136 197 6 182 115 153 186 64 90 139 4 13 191 183 58 177 28 188 92 41 171 69 85 130 162 84 126 71 66 103 59 34 50 10 194 26 167 42 87 127 157 169 200 79 20 180 187 49 135 9 31 189 146 138 94 29 161 46 128 170 193 88 129 163 120 101 133 24 37 137 154 83 47 190 99 121 198 3 96 149 155 113 65 97
169 79 16 114 180 49 136 6 44 9 146 115 106 185 161 4 86 129 91 131 101 58 52 177 24 28 184 23 188 47 92 171 69 43 98 85 198 162 84 39 51 126 108 155 66 103 59 93 65 124 194 147 165 116 157
79 55 123 114 35 30 19 49 6 117 136 135 44 189 74 106 109 29 107 46 151 102 128 70 54 63 129 183 158 133 177 12 24 28 184 1 188 41 171 68 99 85 198 130 96 51 162 108 181 66 40 34 59 113 10 174 97 27 147 167 165 100
56 35 55 110 30 6 197 136 45 73 182 185 64 90 139 13 63 191 91 183 158 122 58 177 179 111 188 92 41 171 43 68 36 98 69 119 162 7 108 66 103 156 93 50 2 27 18 26 194 147 87 167 127 42 100 169 79 20 195 180 160 19 187 49 44 31 9 189 74 106 109 61 29 161 107 88 129 192 133 24 184 37 1 83 47 99 121 166 89 14 51 181 174 142
5 55 114 110 35 60 30 197 117 164 115 186 153 90 139 63 104 91 183 158 58 173 75 23 92 41 171 69 68 98 85 82 130 118 39 7 25 126 108 172 156 103 93 50 34 10 18 127 116 100 157 140 200 79 81 195 19 189 74 106 109 94 57 170 193 129 163 131 120 192 24 184 17 1 99 121 198 96 181 155 113 97 174 142
5 79 35 195 60 30 160 187 49 6 136 197 135 189 115 185 61 29 46 139 57 70 4 193 191 131 192 158 58 199 154 47 83 171 68 99 98 198 166 14 3 96 51 126 71 66 40 50 113 124 2 194
5 56 55 110 30 136 197 117 73 115 186 153 64 13 4 54 191 158 58 75 111 188 69 68 85 82 130 119 162 39 126 108 71 66 124 10 2 194 27 147 87 116 100 79 200 20 19 31 9 74 138 61 29 94 161 107 102 70 129 101 24 184 37 1 47 166 14 96 51 33 181 40 48 113 65 174 165 142
56 35 55 6 136 153 90 139 86 54 91 183 158 150 58 179 52 177 92 43 69 68 98 82 130 39 126 172 71 34 50 27 87 140 157 100 169 200 195 160 19 49 138 29 161 107 57 70 88 163 129 101 8 184 37 154 22 99 198 14 80 96 181 113 65 174 165 142
5 79 55 81 110 30 197 31 9 189 73 164 106 29 94 90 139 128 4 86 163 129 183 101 133 24 184 75 111 154 92 171 36 98 85 14 3 80 51 126 108 181 71 66 59 113 65 97 10 194 174 147 42 18 167 165 157
5 56 35 114 110 136 145 182 164 153 186 64 139 13 86 54 191 63 104 91 183 158 179 75 173 111 23 92 171 11 69 82 85 130 39 95 7 126 108 71 66 103 34 50 10 18 26 27 147 42 194 127 116 157 140 200 79 81 20 160 49 135 189 146 109 61 29 170 193 163 129 192 101 78 133 184 37 1 83 22 175 198 166 14 3 178 51 33 149 155 40 65 142
5 200 35 55 81 79 30 19 49 6 44 135 31 74 115 153 106 29 107 102 129 163 91 192 133 58 184 17 188 92 47 171 68 198 82 14 162 51 7 108 71 66 40 50 65 113 124 10 27 26 194 167 147 142 100
5 35 114 195 60 160 49 9 138 106 61 94 151 90 57 54 104 131 183 192 101 24 184 37 1 137 154 92 41 171 22 68 98 198 166 96 39 51 162 25 149 156 97 18 194 167 142 116 100 157
5 56 35 123 55 60 30 136 117 197 145 6 182 115 186 90 139 4 13 54 191 183 158 75 173 23 111 188 92 43 69 68 85 130 162 39 126 108 71 172 34 50 10 27 194 167 42 127 140 100 116 169 200 81 195 180 160 19 49 135 31 138 106 109 29 102 57 128 70 170 129 163 131 101 133 72 184 8 1 154 47 198 89 14 3 178 96 51 155 181 143 48 65 174 142
5 55 123 110 60 136 197 6 182 153 186 64 90 139 13 4 86 191 91 183 58 179 28 173 148 111 92 171 69 68 43 130 162 39 25 126 71 66 103 156 34 93 50 10 18 194 27 147 87 167 127 116 157 132 169 200 79 195 180 160 19 187 49 135 44 189 109 29 94 107 46 102 128 170 193 88 163 129 120 101 24 184 137 83 154 47 22 99 121 166 3 178 51 149 40 113 97
56 35 114 60 30 6 136 145 153 186 64 151 139 54 191 183 58 28 148 188 92 69 68 125 162 84 95 126 172 66 50 124 10 18 26 147 87 167 42 127 100 157 79 16 81 195 19 49 135 31 74 109 61 29 163 101 105 37 1 154 22 121 14 80 3 51 181 155 113 174
5 114 35 110 30 32 136 6 197 153 186 115 151 90 4 63 191 183 158 58 28 188 92 41 171 36 98 85 130 162 39 7 25 66 34 10 18 194 27 167 87 147 42 157 100 20 81 19 187 49 31 9 189 138 106 109 94 161 102 128 57 70 129 120 192 133 24 137 83 47 22 198 14 80 3 96 149 181 155 40 48 65
56 110 60 30 73 153 186 64 4 13 104 183 179 177 41 43 171 130 39 108 71 124 27 10 127 116 100 79 200 20 81 195 187 135 9 109 161 152 170 129 120 24 8 137 83 22 99 121 14 113 174 142 114 123 136 197 117 145 196 151 54 191 58 28 188 92 98 118 7 50 18 194 167 87 132 157 180 19 49 44 31 74 29 128 70 163 192 101 105 47 166 198 178 3 96 51 149 181 65 97
5 114 55 35 123 60 30 32 197 182 153 64 139 13 4 63 54 104 91 158 58 177 52 28 92 41 69 68 98 82 130 125 162 84 39 95 7 126 108 66 103 93 34 124 10 18 27 194 147 87 42 127 157 100 200 16 81 79 180 19 187 49 135 44 31 189 106 29 161 107 170 88 129 163 192 101 133 24 8 17 37 137 1 154 47 53 99 198 14 3 51 149 155 181 113 65 97 142
5 56 123 35 110 55 30 6 136 197 117 73 182 186 185 64 90 4 13 54 191 104 62 183 158 58 28 111 148 92 171 69 98 85 82 39 126 108 71 172 66 76 59 50 2 10 124 147 87 42 127 116 100 157 79 200 180 19 49 135 44 31 9 189 106 109 61 29 107 128 57 70 152 88 129 192 101 105 24 184 17 83 22 190 99 121 198 89 14 178 3 96 51 149 181 113 65 97 165 142
101 158 35 79 110 195 30 28 187 22 188 136 171 31 146 130 106 64 7 161 172 46 139 156 102 70 65 63 10 174 18 147 87 100 192
169 123 55 110 195 60 30 160 19 145 9 73 74 115 109 64 185 161 151 46 90 139 57 128 70 4 63 170 193 163 91 183 122 105 58 177 24 28 8 184 37 23 83 36 68 98 85 198 130 3 162 51 155 34 113 50 15 10 97 194 174 165 42 132 140 116
5 56 114 35 110 60 30 6 197 136 164 153 196 151 139 13 4 86 63 191 183 58 28 92 41 69 36 68 98 85 25 126 71 66 103 34 50 59 27 18 194 147 42 167 127 100 169 200 79 81 20 195 19 187 49 44 31 146 189 106 29 161 46 102 70 170 88 129 131 101 17 137 53 83 22 1 47 99 121 198 166 14 178 3 33 149 155 113 65 15 174 97 165 142
5 56 114 55 60 30 136 197 45 117 182 153 115 185 151 90 139 13 4 63 54 91 183 158 58 28 75 173 111 148 188 92 41 69 68 98 130 162 39 172 71 108 34 50 124 27 10 18 147 87 42 132 140 100 157 127 79 200 195 180 187 19 135 31 189 106 109 29 102 129 163 192 101 78 105 133 24 184 1 154 83 22 99 198 3 51 149 155 40 113 65 174 142
114 136 6 182 115 64 151 90 13 86 168 91 158 58 177 179 28 41 43 171 36 68 98 85 130 39 7 126 108 103 34 50 10 27 194 18 167 42 87 132 116 100 200 79 81 180 187 19 49 44 135 9 146 189 138 106 109 29 161 107 57 128 170 193 163 131 184 53 99 166 198 96 149 40 113 65 97 174 142
5 35 114 110 60 30 6 136 145 164 64 139 13 4 86 63 104 91 183 179 148 188 41 171 69 68 43 98 85 130 39 84 25 126 66 34 93 10 18 194 167 87 127 157 200 16 195 160 19 44 135 9 189 106 128 152 21 88 129 131 101 78 24 184 137 47 96 51 33 149 65 174 97
5 56 114 30 136 153 115 64 90 13 54 191 62 183 158 58 28 75 111 148 41 171 69 68 36 98 85 130 162 7 126 108 71 172 66 156 34 50 93 59 2 27 10 18 124 147 167 42 127 116 100 140 169 195 180 160 19 187 49 44 135 31 146 74 138 106 109 29 46 128 70 193 88 163 131 120 101 105 37 1 154 47 99 121 198 166 89 3 51 149 181 155 40 48 113 65 97 142
167 79 114 56 110 160 49 6 197 9 189 146 115 106 29 151 90 152 4 13 191 88 163 104 158 179 24 154 47 188 36 98 198 178 3 162 149 108 181 66 59 113 65 174 97 27 147 42 87 127 142 157 140
79 123 200 110 195 60 30 49 136 44 9 189 109 61 90 139 102 163 101 58 24 28 8 148 47 69 36 99 98 198 85 82 130 162 84 39 66 50 65 27 18 10 194 127 140 100
5 56 55 123 110 35 6 197 45 182 164 186 64 90 13 54 104 91 62 183 176 58 177 28 111 92 69 98 85 130 119 162 39 126 71 103 34 50 10 18 194 27 157 81 160 187 19 49 44 189 138 106 61 46 102 170 88 163 129 101 24 184 1 53 154 47 83 175 99 198 3 149 155 40 113
35 110 30 136 6 197 90 4 63 91 183 158 177 199 28 23 188 92 171 69 68 85 118 125 130 162 39 126 34 50 10 194 167 42 127 140 157 169 79 200 81 195 135 9 31 189 74 109 107 57 128 70 170 129 163 131 133 17 154 47 99 166 89 14 3 96 51 33 149 181 155 40 113 97
5 56 35 30 6 136 45 186 64 151 90 139 63 183 158 52 28 75 188 41 171 98 130 162 108 71 172 66 34 124 27 10 26 167 147 132 127 157 100 79 200 195 19 9 189 74 138 109 29 161 57 70 193 192 78 184 17 154 47 198 166 3 96 33 149 181 155 48 113 65 174 97
5 114 55 110 60 30 6 197 136 115 153 186 64 90 4 13 86 63 191 104 183 158 58 177 52 28 75 111 188 41 69 68 98 85 82 125 162 39 7 126 108 71 103 50 124 10 18 194 167 42 127 132 100 157 169 200 180 160 19 135 44 31 9 189 74 138 106 109 94 29 128 102 70 170 129 131 120 101 105 133 24 8 1 83 47 175 99 121 166 89 14 3 96 51 181 143 113 15 97 174 165
5 200 55 114 110 56 79 195 30 180 49 136 6 31 73 189 196 138 106 64 161 151 139 13 170 193 163 104 129 62 120 192 78 177 28 137 1 83 188 41 47 99 166 85 198 130 3 178 96 162 39 126 149 155 108 34 50 65 113 124 27 174 194 18 97 142 132 157 100
79 55 35 110 81 56 60 200 180 30 160 49 136 197 135 31 164 109 94 161 90 129 163 131 183 192 150 101 133 177 58 12 8 1 154 47 171 69 68 98 198 130 39 84 108 40 113 65 174 18 97 167 147 142 127 157 116
5 56 55 35 110 60 197 45 182 196 185 151 90 13 86 191 91 183 158 176 122 58 177 52 28 75 188 41 171 69 36 68 98 130 162 84 39 7 95 126 108 71 172 103 156 34 93 124 10 18 194 26 167 87 147 127 116 157 100 169 200 79 20 132 195 160 49 135 9 31 189 74 138 106 109 29 161 46 128 70 152 193 129 163 192 101 24 8 17 37 1 83 47 22 190 99 198 166 14 3 96 51 149 40 15 97
5 79 114 60 180 160 187 49 6 197 45 74 153 29 90 139 70 13 4 63 86 129 104 62 131 183 158 78 58 177 52 28 184 148 111 47 175 92 36 99 198 130 125 3 96 51 162 126 172 108 181 149 155 10 97 26 87 127
56 35 123 110 55 30 197 117 115 185 64 151 139 13 4 54 86 191 104 91 183 158 122 58 28 23 188 92 41 69 68 98 82 85 130 118 162 39 7 108 71 172 66 34 50 2 10 18 194 124 167 42 87 127 140 100 157 169 200 147 20 195 160 19 49 135 9 189 106 109 94 29 107 128 152 193 163 131 101 133 24 184 8 37 137 154 175 190 198 166 14 51 149 155 181 40 65 97 174 142
56 123 114 110 55 6 153 64 4 158 58 179 177 111 188 92 69 98 82 85 130 118 162 7 108 71 66 103 34 59 10 18 194 147 42 87 116 157 200 81 195 160 49 44 31 189 138 109 29 94 128 163 129 131 101 133 24 37 1 137 22 83 47 99 121 198 178 3 51 149 155 40 113 97 174 165 142
5 56 123 35 110 55 60 30 136 197 164 115 186 64 90 13 104 91 183 158 176 58 177 199 75 111 188 92 41 69 68 36 98 85 130 118 162 108 71 66 76 34 124 27 10 194 18 147 87 127 116 140 169 79 200 81 20 195 16 180 160 187 9 31 189 138 106 109 161 46 128 70 193 163 192 101 184 1 22 47 83 154 99 166 198 3 80 178 51 149 181 155 65 97 174 165 142
200 79 20 123 110 19 49 136 45 31 115 153 106 185 64 109 29 107 46 90 139 102 128 13 4 191 91 101 58 133 24 17 148 111 188 92 41 83 99 85 14 130 3 39 126 66 143 34 50 65 10 27 194 18 147 167 142 127 100
5 169 79 160 117 145 31 9 138 106 109 29 90 57 70 4 152 191 129 183 192 58 52 177 111 137 188 92 41 22 69 99 98 85 96 95 7 149 48 34 93 10 18 194 87 42 100 157
56 123 35 114 32 6 117 197 136 45 73 115 153 185 64 151 4 63 91 179 28 75 173 23 188 69 68 98 82 130 118 162 7 108 71 10 18 147 42 167 127 140 100 157 87 200 79 81 160 187 19 49 44 135 31 138 106 109 29 46 128 70 163 129 192 24 17 137 154 99 166 198 178 3 155 113 65 165 142
79 200 55 19 197 182 153 106 109 64 29 151 13 63 168 129 131 183 122 58 28 154 41 171 98 121 85 198 166 51 149 172 50 65 124 174 18 87 127 140 100 116
5 56 55 114 110 35 123 136 6 117 185 64 90 139 4 13 86 191 91 183 58 28 75 148 188 92 41 43 36 98 85 130 39 172 66 156 93 50 124 27 10 194 147 42 127 116 100 157 140 79 195 160 19 187 49 9 31 189 74 106 61 94 107 57 128 170 193 163 129 192 101 24 17 137 1 22 83 175 99 121 89 178 3 96 51 149 181 40 65 97 142
5 55 123 110 60 30 136 6 145 73 153 186 90 13 4 63 91 183 58 177 75 111 188 92 171 69 68 36 98 85 82 130 162 39 126 108 66 103 93 34 50 124 27 18 194 147 167 42 127 116 157 140 169 200 16 160 19 187 49 189 146 138 106 109 29 128 70 170 193 88 131 192 101 24 184 17 37 1 22 83 154 99 166 198 14 3 178 96 51 181 155 40 113 65 97 174 142
5 16 55 123 160 49 136 45 44 73 74 106 109 29 151 46 90 4 170 88 91 183 192 101 184 137 154 188 22 171 43 98 82 130 3 39 149 155 34 113 15 97 18 194 167 165 142 100
56 114 195 19 187 197 9 153 109 61 29 161 151 139 128 70 13 170 86 163 129 183 133 177 52 154 188 41 43 36 166 14 130 96 7 126 149 71 66 143 40 59 93 50 124 174 142 157
5 56 55 123 110 60 30 6 117 73 153 185 64 139 4 13 63 54 191 104 91 183 58 179 28 111 188 41 69 11 98 85 130 162 39 7 126 108 66 156 27 18 194 42 87 127 116 100 157 200 20 195 180 160 49 44 31 146 189 74 138 106 109 29 94 57 88 192 101 105 24 17 83 154 121 198 166 14 3 51 33 155 181 113 65 174 142
5 56 35 55 110 114 123 60 30 136 197 153 185 151 90 13 63 86 104 91 62 183 58 177 28 111 188 41 171 11 69 98 85 130 39 77 126 66 156 103 59 50 34 10 18 26 194 167 42 27 132 116 157 100 147 200 79 144 16 195 87 19 135 31 9 189 74 106 109 29 107 46 128 102 170 163 129 131 192 101 133 24 8 184 137 83 175 99 198 166 89 178 3 96 51 155 181 113 65 97 165 142
79 114 55 60 31 115 106 61 161 57 70 13 63 163 91 192 8 188 47 171 69 36 98 162 84 108 149 155 66 181 76 71 40 34 124 194 167 87 165 142 116 147
5 56 123 55 110 60 30 6 117 136 45 182 196 153 186 185 64 13 4 54 191 104 91 183 158 150 176 58 177 52 28 173 75 188 92 171 69 98 82 85 162 39 7 25 108 71 103 76 34 50 124 27 10 194 167 42 132 140 157 100 169 200 79 20 195 160 187 49 135 44 31 146 109 29 94 161 57 70 193 88 129 163 192 101 1 154 83 99 198 14 3 96 51 149 155 181 113 97 165
5 56 114 55 79 187 136 197 117 145 6 9 189 74 109 64 161 90 139 57 128 70 88 163 62 120 183 192 133 24 28 1 148 188 47 175 171 68 36 166 198 14 82 3 39 51 126 149 172 155 103 40 34 65 27 10 26 167 42 87 127 116 165
5 157 114 20 110 55 79 60 56 81 19 49 6 197 135 94 46 88 129 91 101 58 177 184 137 83 92 69 99 98 198 14 130 125 3 126 66 40 93 113 27 18 194 167 142 116 100 134
56 35 60 6 115 64 90 139 13 104 183 52 179 12 177 75 111 171 69 11 68 130 126 108 71 66 156 124 27 26 116 100 79 81 135 9 189 138 109 161 107 152 88 129 133 24 184 37 137 1 154 99 121 33 113 165 55 114 123 136 45 196 151 191 91 62 158 122 148 188 36 98 118 162 7 34 93 18 194 167 42 87 132 157 169 16 160 19 49 31 146 29 94 70 163 192 101 178 3 51 149 65 97
56 35 110 60 30 6 73 115 186 153 64 90 139 13 4 86 104 183 177 75 41 69 82 85 130 126 108 66 156 10 127 116 100 200 79 195 9 189 109 161 107 152 170 88 129 133 72 24 184 1 137 99 121 14 40 113 142 55 136 117 45 145 197 54 63 191 58 28 188 92 36 162 34 50 18 194 167 42 87 132 16 180 19 31 74 106 29 70 131 192 101 166 198 89 3 181 155 65 97
5 56 35 55 6 197 115 186 151 90 139 63 54 104 91 183 58 52 177 111 23 188 92 171 69 98 85 82 130 125 126 108 66 34 50 124 10 18 2 147 87 42 127 116 157 100 169 79 200 81 195 187 19 49 44 9 189 109 61 29 107 57 170 88 129 163 120 192 105 24 184 17 1 154 83 175 99 166 198 14 96 181 155 40 113 65 174 165 142
5 123 114 110 60 136 197 6 164 151 13 4 54 104 91 179 92 36 68 98 85 82 130 162 126 108 71 66 103 34 50 27 18 194 10 167 87 42 127 116 140 157 79 16 195 180 160 19 187 49 135 31 146 189 109 29 107 57 152 170 193 129 163 131 120 184 137 154 22 99 198 96 51 149 181 65 97 174 134
79 114 56 135 31 73 196 74 64 61 29 161 13 54 163 129 192 133 24 28 75 148 23 22 92 41 1 69 99 198 130 125 3 178 39 162 96 7 126 66 34 65 124 10 194 167 165 100
5 123 35 110 60 30 6 197 117 153 151 90 13 54 63 191 91 62 183 177 173 23 171 69 68 98 130 118 162 39 7 108 71 124 10 18 194 167 87 42 127 116 157 147 169 200 79 81 100 195 44 31 189 146 74 109 61 94 29 161 107 46 57 70 170 88 129 163 131 192 101 133 24 8 1 83 154 175 99 14 3 40 113 65 174 165 142
56 35 114 110 60 30 6 117 136 115 153 64 151 90 139 63 54 191 91 183 158 122 58 52 75 23 188 92 41 171 69 36 98 130 162 39 84 7 108 66 103 34 50 59 124 27 10 18 167 87 147 127 42 157 100 169 200 116 20 195 180 160 19 49 9 189 138 109 161 70 193 88 163 131 192 101 133 24 184 1 83 22 99 121 96 51 48 113 65 174 97 165
35 55 60 30 136 164 115 153 64 90 139 191 91 183 158 122 58 199 148 188 92 41 43 69 68 36 98 85 130 162 39 25 126 108 66 93 50 124 167 42 87 147 116 100 127 200 79 195 187 49 135 44 31 189 106 29 70 170 193 163 131 133 184 166 3 80 96 51 181 155 113 174 97
5 35 123 60 117 73 186 185 151 139 63 191 104 91 183 158 176 111 188 92 41 69 36 68 98 130 125 162 39 126 108 172 71 66 34 27 18 147 87 157 100 169 81 180 160 49 44 31 189 74 138 106 57 70 170 193 88 101 105 24 8 17 1 83 47 99 121 166 198 3 51 149 155 40 113 97 142
56 55 114 123 110 30 136 6 197 117 196 115 185 64 151 90 13 54 91 183 158 176 58 177 52 75 188 41 171 69 68 36 85 118 162 39 7 126 108 66 34 50 10 18 194 167 42 147 157 200 79 20 195 19 187 49 44 138 106 109 61 29 161 107 102 128 70 170 129 163 131 120 192 101 133 24 184 8 17 22 154 83 99 14 3 178 96 51 149 155 181 40 48 65 174 142
56 123 60 6 153 115 151 139 13 54 86 183 158 150 58 177 52 28 148 188 43 69 98 130 162 39 7 25 126 108 66 34 50 10 27 147 87 127 116 157 100 200 81 195 180 44 135 31 189 106 109 161 107 46 128 57 170 193 88 129 24 1 83 22 190 121 166 14 96 40 97
5 55 35 110 114 60 30 6 197 136 73 90 139 13 104 91 183 158 58 179 177 28 111 188 92 11 68 69 85 130 126 71 66 103 156 93 50 34 27 18 194 147 87 167 127 157 100 169 200 20 195 180 49 135 31 189 74 106 61 29 128 88 129 131 192 133 24 37 1 154 47 14 178 96 51 181 40 97 142
5 56 35 114 6 197 45 136 196 153 64 90 139 4 54 86 91 122 58 177 23 111 92 41 68 36 98 85 162 25 126 172 71 156 50 2 10 18 194 42 127 140 100 195 160 19 49 9 106 46 128 70 129 192 101 24 8 17 37 137 154 99 198 14 178 51 15 97
5 56 55 114 110 123 60 30 117 145 73 186 151 90 4 54 63 191 104 91 158 122 58 177 52 12 28 173 188 92 41 171 69 85 130 119 39 126 172 108 71 66 156 76 34 50 2 10 18 26 194 167 87 42 127 116 100 157 169 200 79 180 160 19 187 49 44 31 189 106 109 29 161 107 46 128 70 170 163 129 131 120 101 133 24 184 17 1 53 83 137 175 154 198 166 14 178 96 51 149 40 65 142 134
114 35 123 30 136 73 186 64 13 4 86 191 158 58 52 177 12 188 41 43 69 68 85 130 84 95 126 108 71 103 50 10 194 147 42 127 116 100 157 200 81 195 135 31 189 138 106 109 29 161 107 46 57 70 163 101 184 22 154 99 166 198 3 178 51 33 149 113 65 174
5 79 56 55 123 19 117 197 44 9 73 146 185 139 102 170 129 163 192 177 184 137 148 23 92 41 1 85 80 3 96 51 162 172 155 108 34 113 124 174 27 147 42 127 100
5 56 114 123 110 30 136 6 117 197 153 186 115 90 13 54 104 91 183 158 58 179 28 75 148 188 92 11 36 68 98 82 85 162 39 7 108 71 103 156 76 34 50 27 18 194 10 167 42 132 157 100 169 200 16 20 79 180 19 187 49 135 31 9 106 109 61 29 161 46 128 70 152 170 163 131 192 101 78 105 133 24 184 17 37 1 137 22 47 190 166 198 14 178 3 149 40 113 65 15 97 174 142
56 123 79 55 195 187 49 182 153 139 70 63 54 191 88 163 129 158 177 173 188 154 171 68 85 130 178 51 126 172 108 181 66 113 50 174 18 194 42 132 142
5 56 55 123 110 60 6 197 136 64 90 139 4 54 191 104 91 183 158 150 177 179 75 92 41 171 36 68 98 130 119 39 84 126 108 66 34 50 2 10 167 42 87 147 100 157 169 79 200 20 195 180 160 19 187 49 44 135 9 31 189 74 106 109 94 29 102 70 170 163 129 192 101 133 24 184 17 37 1 83 154 22 99 198 89 166 3 80 40 48 65 165 142
56 114 35 30 6 197 182 164 186 151 4 104 183 158 122 12 23 111 188 41 69 36 68 85 82 130 108 34 93 50 27 10 194 167 42 87 127 100 79 200 20 160 19 31 146 74 106 29 161 57 70 170 129 192 101 78 1 83 22 175 121 198 89 166 96 51 181 48 113 65 174
