200 200
5 56 200 16 30 145 182 74 153 106 64 61 107 46 102 4 54 170 168 88 129 62 133 72 199 8 184 37 137 23 154 83 92 17 69 36 171 190 148 85 198 14 47 80 178 162 77 126 155 103 76 93 34 15 65 174 18 134
55 35 123 30 32 197 117 73 182 115 54 168 104 91 62 158 52 199 12 75 148 188 41 171 43 36 98 82 162 84 7 95 126 103 76 93 34 50 27 18 167 42 144 127 147 169 200 79 16 180 160 135 31 189 146 74 61 29 107 46 128 57 170 193 38 129 88 192 101 133 8 17 37 137 83 47 175 190 22 166 89 14 198 80 178 96 33 155 143 48 15 97 165 142 134
169 56 123 114 110 79 16 60 195 30 180 160 32 49 117 135 189 164 153 64 61 102 54 168 191 88 38 104 62 176 122 105 133 173 8 184 23 1 53 22 41 171 175 36 190 166 89 130 125 119 80 39 84 77 95 25 51 33 172 155 76 103 143 93 15 27 18 97 167 147 42 144 142 134
5 56 30 32 45 196 153 54 191 104 91 62 176 58 179 75 148 23 41 43 69 36 11 85 130 125 162 84 77 95 25 126 172 103 156 34 2 167 42 87 132 144 157 140 79 16 81 200 195 180 160 19 135 31 189 74 106 109 61 29 107 46 128 170 193 88 129 192 78 105 8 184 17 37 53 83 22 190 166 89 198 96 51 155 143 65 174 165 134
169 56 123 114 55 79 16 60 81 195 180 160 187 32 197 117 31 73 153 106 64 107 128 54 168 191 170 193 104 91 88 131 120 192 78 105 133 179 173 75 8 23 17 188 92 1 171 69 154 85 166 14 130 119 80 162 84 39 77 95 25 96 126 108 51 143 34 50 15 174 97 194 167 42 132 140
200 123 114 110 56 16 195 19 32 49 67 31 9 74 153 109 61 102 159 128 54 168 191 129 91 120 78 105 133 179 58 75 8 17 148 37 188 154 41 43 11 36 184 89 14 125 80 84 95 108 155 103 143 50 65 15 2 27 18 167 42 144 157 134
56 123 35 55 110 114 60 30 32 197 45 117 73 153 63 54 62 176 122 179 173 75 23 92 41 85 130 119 162 95 103 76 93 34 50 59 2 27 18 167 144 132 79 16 180 160 19 187 49 135 31 109 61 107 102 70 170 88 38 192 78 105 133 72 184 8 37 17 22 83 99 198 166 89 80 96 51 33 155 143 65 15 97 174 165 134
5 56 55 35 60 30 32 6 67 197 145 73 182 115 112 168 191 104 91 158 176 122 58 12 173 75 111 148 188 92 41 171 11 23 85 130 125 162 84 77 95 25 126 108 172 103 124 27 194 26 147 42 167 132 116 157 140 169 200 16 81 180 160 19 31 189 74 106 94 29 107 46 128 102 57 159 193 78 105 133 24 184 17 1 137 22 83 175 47 121 198 89 166 178 80 143 113 15 97 174
35 114 123 60 30 32 117 45 197 145 73 115 153 185 64 151 4 191 104 91 62 176 58 179 52 12 199 173 75 23 148 188 92 41 85 130 125 39 95 7 25 126 172 66 76 34 124 27 167 87 144 200 79 180 160 187 135 31 9 146 106 46 57 159 102 193 129 120 192 78 105 133 8 17 53 83 22 175 190 99 166 198 89 3 80 96 51 33 149 155 143 40 113 15 174 97 165 142 134
56 123 114 35 55 60 30 32 197 117 145 73 182 186 64 54 104 91 158 176 52 199 75 173 23 148 188 41 11 98 85 118 130 125 162 84 39 95 25 108 66 103 76 34 93 59 2 194 147 42 87 144 167 157 132 169 200 16 79 180 160 31 146 109 61 107 46 128 102 159 70 170 88 129 38 78 105 133 72 8 17 37 1 53 154 83 184 190 22 198 80 51 33 155 15 97 134
5 56 55 123 32 67 45 117 197 145 73 196 153 168 191 104 91 62 158 176 179 173 75 111 23 188 92 41 171 11 36 85 130 125 162 39 84 77 95 25 108 71 172 103 34 93 124 2 26 194 167 42 144 140 169 200 16 81 79 180 141 160 19 187 135 31 189 146 106 29 94 102 159 170 38 88 120 192 101 78 105 24 184 17 37 1 53 154 47 8 121 198 89 14 166 80 33 181 143 113 174 97 165 142 134
56 35 123 32 6 197 117 145 164 115 153 64 63 86 191 104 62 158 199 173 148 111 188 92 41 43 118 125 130 162 119 77 95 25 126 108 172 76 103 34 50 93 2 27 124 18 167 42 144 157 200 79 81 180 160 19 49 135 44 31 146 189 106 109 61 94 107 46 38 129 192 78 105 184 8 37 1 22 175 190 99 198 14 80 178 51 155 143 40 15 97 174 165 134
5 56 35 123 110 55 114 60 30 32 67 197 117 73 182 196 185 64 63 168 54 104 158 176 122 52 199 75 23 148 41 11 69 130 119 125 162 39 84 77 95 7 126 108 172 103 93 50 27 18 26 167 144 132 157 169 200 16 180 160 19 49 9 146 106 109 61 46 57 102 128 152 159 170 88 129 78 105 133 184 17 37 1 154 22 47 190 99 121 198 89 14 166 33 181 143 48 113 65 174 97 165 142 134
5 114 110 32 117 73 182 164 196 186 64 63 104 62 158 176 122 58 179 199 23 148 41 171 69 130 125 119 118 39 162 77 172 103 76 34 50 124 2 18 167 42 144 87 157 169 200 79 81 16 180 160 19 135 44 9 31 189 109 107 46 57 102 128 152 159 170 193 88 129 38 131 120 101 105 133 24 8 184 37 1 17 22 190 198 166 14 89 80 51 33 149 181 143 113 15 65 174 97 134
5 56 35 55 123 30 32 136 67 45 73 182 164 196 4 54 191 91 62 158 176 122 179 199 23 148 41 82 125 84 77 95 103 76 34 50 2 27 26 167 42 147 144 127 132 157 169 79 180 160 187 135 44 9 31 146 189 106 94 46 102 57 193 38 131 192 78 105 133 8 1 53 154 47 175 190 83 22 99 80 96 51 33 155 113 15 174 97
5 56 123 200 16 81 195 30 180 160 19 49 6 117 136 197 9 31 164 153 106 64 29 57 102 170 168 38 104 62 176 133 199 24 173 184 8 23 37 188 92 41 171 137 22 83 190 85 14 125 80 162 51 77 33 25 126 108 149 155 66 143 34 59 50 93 124 15 144 134
56 114 55 60 32 117 197 45 73 182 196 153 186 112 54 104 91 62 158 176 179 199 173 148 188 92 171 130 162 84 7 25 126 172 71 103 59 50 93 34 124 10 18 26 42 127 140 132 169 16 195 180 160 19 187 49 31 189 106 109 61 107 46 128 170 38 88 101 105 8 184 137 1 53 154 47 190 121 198 14 178 149 155 113 15 174 97 165
169 200 35 55 16 195 30 160 49 135 44 31 73 9 189 186 109 64 61 107 102 128 159 170 168 193 88 129 62 131 120 176 78 179 52 12 72 24 75 173 37 148 23 53 92 175 190 198 119 80 162 77 95 25 126 108 172 155 103 76 48 34 93 15 2 174 167 147 165 127 140 157
169 56 114 55 35 123 200 16 81 30 195 180 160 19 49 117 197 145 135 31 182 196 109 107 46 139 128 57 102 159 54 168 191 170 193 104 129 131 192 176 105 58 179 133 75 184 17 148 23 1 92 41 53 83 22 154 47 190 99 198 130 119 77 95 25 33 172 149 103 143 93 50 15 2 27 124 174 167 42 144 147 116 142 134
114 55 60 30 32 197 67 145 73 182 153 112 185 64 104 91 158 176 58 179 199 28 173 148 92 41 171 11 130 125 119 39 77 95 126 108 103 76 34 59 50 2 27 18 26 194 167 42 144 87 140 157 132 200 79 180 160 19 31 106 109 94 107 46 128 159 102 152 57 170 88 38 129 78 133 72 8 17 184 1 53 154 137 47 190 83 37 22 166 198 89 14 96 51 143 65 174 97
56 35 114 81 195 79 60 55 30 32 31 182 153 186 29 151 46 38 88 62 105 133 173 17 83 47 11 68 89 118 130 125 51 95 172 103 143 34 65 124 97 2 27 167 42
5 56 55 123 35 110 60 32 117 45 145 73 182 153 185 54 168 191 104 91 62 158 176 199 75 148 23 92 41 171 98 85 130 125 162 77 7 108 71 103 76 59 50 27 26 167 147 144 140 157 200 16 195 160 19 31 146 106 109 107 46 159 70 152 170 88 38 120 78 133 24 184 8 37 1 17 53 190 99 89 80 96 33 143 174 134
5 79 56 200 78 105 133 24 184 23 83 67 197 135 43 31 11 121 85 198 130 125 64 61 108 46 155 128 102 93 54 168 63 170 2 104 174 26 142 134
200 123 16 81 30 180 160 19 117 45 145 44 73 182 164 153 106 64 61 107 90 46 128 102 159 54 170 191 129 104 91 131 158 192 105 133 199 173 75 17 37 1 188 53 41 171 83 36 22 190 198 89 14 130 125 80 162 84 39 77 7 25 178 126 96 51 33 149 155 76 103 40 93 34 50 113 65 174 18 167 165 144
5 79 16 55 35 60 180 160 32 49 117 67 44 145 135 185 109 61 107 159 13 63 170 78 176 179 184 17 148 137 83 188 175 190 69 166 130 125 178 84 95 7 172 155 143 93 113 15 174 194 167 147 42 127
5 35 60 30 32 6 117 45 145 73 182 164 196 115 64 63 168 54 104 91 62 158 176 122 58 199 75 173 23 92 41 85 130 125 162 84 77 7 126 108 76 34 50 2 18 26 147 167 144 42 140 157 200 16 81 195 180 141 160 19 187 49 31 189 74 106 109 94 107 46 102 57 159 88 38 131 120 192 78 105 72 24 17 37 22 154 190 99 166 89 80 178 96 51 33 143 113 65 15 174 134
5 56 114 35 123 30 32 197 73 153 112 185 64 63 168 104 62 158 176 199 12 173 148 23 111 92 41 171 98 118 119 125 162 84 77 25 126 108 66 103 93 50 27 42 127 140 157 169 200 16 79 180 160 19 49 44 135 31 9 189 74 106 107 46 128 159 57 152 102 193 88 129 38 131 192 133 184 17 37 1 8 154 83 22 99 198 89 80 3 178 33 155 143 113 65 97 165
5 200 35 123 56 110 169 60 180 30 160 6 31 73 146 9 186 106 185 151 46 107 102 128 38 129 62 158 78 105 58 173 17 8 137 148 83 154 23 190 69 22 53 198 89 14 118 130 125 95 25 7 33 172 155 126 71 76 93 113 65 15 97 18 144 127 134
169 56 55 114 200 16 195 60 160 19 49 117 197 31 9 146 164 196 109 64 107 46 57 102 4 54 170 191 88 129 120 158 176 78 122 105 179 24 173 75 184 23 148 137 92 53 171 11 36 83 47 22 85 190 166 198 125 14 80 96 51 77 25 172 155 103 143 59 34 15 27 18 174 97 167 42 144 132 140 165 134
200 16 79 160 32 6 197 117 67 31 189 146 74 153 106 109 64 29 107 159 54 38 129 62 120 158 176 105 133 75 184 37 23 111 188 41 190 69 171 99 36 166 85 14 89 80 39 95 25 126 71 76 113 65 97 18 167 165 144 132 42 157 134
5 56 35 114 110 123 200 60 16 30 81 160 19 49 67 45 197 73 189 164 115 153 107 159 152 191 193 38 104 91 62 176 105 133 199 173 8 17 148 23 1 92 41 22 83 36 154 190 99 85 198 130 80 162 51 95 126 108 172 155 103 40 93 124 27 10 174 42 144 127 134
169 56 114 200 19 32 49 67 31 164 186 64 107 102 54 193 38 191 129 62 120 101 122 179 12 8 17 173 1 154 22 190 11 166 85 162 77 95 33 25 172 71 155 76 34 93 65 174 18 167 165 42 134
56 114 30 32 67 197 73 182 196 153 186 112 64 139 54 168 63 91 62 179 199 75 173 148 188 92 41 36 82 85 130 125 162 77 95 25 172 71 66 76 93 34 50 2 18 147 42 127 132 140 169 200 79 81 16 195 180 141 160 187 19 135 44 9 189 146 106 61 94 107 46 102 159 152 170 88 101 78 105 8 17 37 1 53 83 154 190 99 121 166 89 14 198 80 51 15 174 97 165 142 134
123 16 35 60 180 19 49 117 67 145 9 64 107 46 102 170 38 62 131 158 133 179 75 173 83 92 175 41 171 43 99 125 178 162 51 77 25 108 34 50 59 2 27 42 142 140
5 56 35 123 55 110 60 30 117 73 182 164 153 64 151 54 104 91 62 158 176 179 12 75 173 111 23 92 41 171 36 125 162 77 7 126 172 108 103 93 50 59 34 147 42 140 157 200 16 20 79 195 180 187 31 109 94 107 128 159 170 38 129 88 120 192 78 105 72 24 8 17 184 137 53 83 1 175 190 198 14 51 33 181 155 15 174 165 134
56 35 114 60 32 117 197 145 73 182 64 54 91 62 158 199 75 173 111 23 148 41 171 36 119 125 162 39 84 77 7 25 172 71 108 103 34 93 2 27 18 167 42 144 127 140 157 79 200 16 195 180 160 19 49 44 9 31 106 61 94 29 107 46 102 170 88 129 131 120 101 78 133 8 184 137 1 154 83 22 190 53 99 121 198 166 89 80 178 96 51 155 143 113 174 97 165
169 79 55 35 16 20 195 142 180 160 187 32 136 67 135 31 164 153 74 106 185 109 61 107 102 86 38 129 88 91 158 176 105 58 179 199 133 173 184 37 23 148 92 41 171 190 99 85 166 89 130 80 162 84 95 25 126 172 108 155 76 143 48 34 93 50 65 124 97 18 194 174 167 42 144 127 132 134 165
5 56 114 123 35 55 32 6 197 67 145 45 117 73 182 196 153 185 64 54 191 104 91 62 158 176 58 179 199 75 111 23 188 92 148 171 11 43 130 125 119 39 77 95 25 126 172 103 34 50 59 27 18 167 147 42 140 169 200 16 81 79 160 19 49 135 31 189 146 29 107 46 102 152 193 38 131 133 24 8 17 37 1 53 83 154 47 190 22 175 99 198 89 80 51 149 155 181 143 65 15 97 165 142 134
169 56 114 79 200 81 60 30 160 19 32 6 67 117 45 135 31 153 106 109 107 139 128 102 159 54 170 88 129 104 120 158 176 78 199 72 75 184 8 111 148 23 92 37 137 1 154 22 17 190 99 198 14 118 125 80 162 84 51 77 33 126 149 71 155 76 103 143 40 59 50 93 15 2 27 97 167 42 165 127 132
56 114 35 60 30 32 117 73 182 115 64 151 168 191 104 62 158 58 52 199 179 75 23 92 41 118 119 125 162 77 95 25 7 126 108 71 76 103 93 34 10 167 42 144 132 127 169 200 79 195 180 141 160 19 187 49 135 31 9 189 107 46 128 159 170 88 129 120 192 105 24 184 17 37 1 137 154 47 175 190 99 121 198 89 166 80 51 155 143 40 97 165 134
169 200 81 180 30 187 32 145 31 73 153 106 61 29 107 170 104 91 62 158 176 179 24 8 37 1 23 188 92 83 41 85 118 95 25 143 103 65 2 27 42 165 144 127
5 35 114 32 197 145 73 182 164 153 196 64 139 183 158 176 179 75 173 148 111 92 41 43 171 36 85 130 125 77 95 25 172 108 103 76 59 93 2 27 18 26 167 42 132 140 157 169 200 79 16 81 195 180 160 49 135 44 31 146 109 107 46 102 57 170 38 129 131 192 105 184 17 8 37 53 83 1 190 121 198 166 14 178 80 155 143 65 15 174 97 165 134
79 35 123 110 200 16 180 160 187 19 6 197 135 9 196 64 107 46 102 57 54 170 191 88 91 62 120 183 158 176 133 179 199 24 173 8 184 23 148 37 92 43 11 99 121 82 198 89 130 125 14 162 178 96 77 95 108 155 76 103 143 34 93 2 27 124 174 42 127 142 134
5 35 55 60 30 67 117 45 73 153 185 64 4 168 104 176 199 12 75 173 23 148 41 171 11 36 98 85 130 125 119 118 39 162 77 84 7 95 25 172 103 76 59 93 34 50 2 27 124 18 194 167 42 144 127 140 169 79 200 81 16 180 160 187 19 31 146 109 61 94 107 46 57 128 170 193 88 129 120 192 101 78 105 133 184 8 37 17 154 22 47 99 166 198 14 80 3 96 178 149 155 143 48 113 15 65 174
169 56 123 55 200 16 79 30 187 19 49 117 9 73 31 189 74 106 64 46 102 57 128 170 168 129 104 91 158 78 105 133 179 199 24 75 173 184 148 17 37 8 41 171 137 36 22 190 85 82 130 119 125 162 84 39 77 7 95 25 80 172 178 181 34 50 93 65 27 167 165 144
169 56 55 79 200 81 60 180 160 187 49 117 197 145 31 73 182 153 109 61 29 94 107 57 102 63 170 193 88 104 91 62 158 78 122 105 133 75 17 37 22 83 41 154 36 125 119 162 80 51 77 25 108 155 103 76 93 113 15 27 18 174 97 167 165 144 157
123 187 32 45 145 135 31 73 146 182 153 109 61 94 107 46 57 152 170 191 38 129 91 62 120 24 8 184 23 83 47 41 198 89 118 80 119 125 96 162 25 103 34 113 15 27 18 26 167 165 132
56 55 35 114 6 67 136 145 182 164 153 115 64 63 168 191 104 91 62 158 176 199 23 111 188 41 171 11 85 130 125 162 39 84 77 95 25 126 172 71 76 103 34 50 27 42 144 127 157 169 79 16 200 195 180 160 19 44 31 9 189 106 29 94 107 102 159 170 88 129 163 38 120 78 105 133 184 17 1 137 83 22 175 154 99 89 14 80 96 51 33 143 15 65 174 165
79 114 56 110 195 180 19 32 187 45 44 9 31 146 189 196 109 94 107 102 128 57 193 91 62 120 176 58 133 8 75 1 83 47 92 171 41 166 85 89 125 162 7 25 95 71 181 76 103 113 15 2 174 18 194 27 167 87 144 140 134 157
56 114 200 16 81 79 60 30 180 160 19 49 6 45 31 182 196 153 106 109 64 107 46 128 102 4 168 38 88 104 91 62 120 183 158 176 78 105 179 173 184 17 23 37 1 92 41 43 171 36 53 47 190 166 130 125 80 162 33 25 172 71 156 76 93 34 50 15 2 174 18 97 167 165 132 140 134
169 56 35 16 79 176 78 60 133 180 58 8 75 160 19 111 83 92 67 45 22 36 73 85 182 198 96 84 126 172 159 93 168 2 38 174 104 27 62 97 132 157
169 56 123 79 16 200 160 32 67 45 145 44 31 182 164 153 74 106 109 61 107 46 4 86 88 38 131 158 176 78 105 133 179 199 173 8 148 111 188 1 41 53 83 22 175 190 99 82 198 89 130 119 80 51 77 95 108 172 149 76 34 50 113 65 124 2 97 167 42 144 127 165 142 134
169 56 114 35 55 123 200 60 81 30 180 160 19 187 6 197 67 145 31 73 9 182 196 153 109 61 107 46 57 128 102 54 168 191 170 193 129 131 120 176 122 133 179 199 12 75 173 8 23 37 137 92 41 1 11 175 190 121 85 166 198 130 178 162 84 51 95 25 33 126 172 108 155 76 143 34 97 18 174 167 42 87 100 134
5 56 114 123 35 55 32 67 45 73 196 164 64 151 54 168 191 91 62 158 176 179 199 173 75 23 41 118 119 125 162 39 130 77 7 95 25 126 108 71 172 103 76 93 50 34 27 18 167 42 144 127 140 169 79 16 200 195 180 160 19 49 9 189 146 106 29 107 46 57 159 128 102 170 38 129 78 105 133 8 1 53 83 47 175 190 22 99 198 89 14 80 96 51 33 155 143 97 165 142 134
56 114 123 200 16 81 60 79 180 19 187 49 197 117 135 73 196 153 106 109 64 29 107 102 70 54 193 163 91 62 131 158 176 78 105 133 179 12 173 184 17 23 148 37 83 41 171 22 36 47 99 121 198 166 89 130 125 14 51 77 7 25 95 126 172 108 155 76 103 40 93 34 15 167 165 127 134
5 169 114 35 79 16 81 195 180 187 32 6 117 145 135 31 73 146 164 153 74 64 29 107 139 128 102 170 38 129 104 91 62 88 158 78 133 24 184 17 8 111 23 137 92 1 171 154 53 22 190 37 47 99 198 130 125 14 80 84 51 77 7 25 33 108 172 155 181 40 34 65 15 174 18 194 167 165 144 127 157 134
169 200 35 176 60 180 24 173 8 17 148 184 22 47 175 99 121 74 153 80 96 162 61 155 103 102 93 63 170 18 129 104 91 26 120 144 132 127 116
5 56 123 169 200 79 81 60 180 160 187 32 19 197 45 135 9 31 189 182 164 146 185 64 109 46 57 128 159 152 54 168 191 170 104 62 158 192 176 78 105 58 179 24 75 184 8 23 148 188 1 41 171 69 36 53 83 22 190 80 178 96 77 95 33 172 155 103 76 143 34 50 10 27 26 97 167 144 132
56 55 114 123 35 60 32 45 73 153 115 151 191 104 91 62 158 176 179 12 75 23 148 111 92 41 36 85 130 118 162 84 77 95 25 126 172 76 103 93 59 124 27 2 194 18 167 87 42 127 144 157 79 200 195 180 160 135 31 107 46 102 159 128 152 88 131 120 78 105 133 8 17 37 53 22 47 175 190 198 89 166 178 3 80 51 155 143 113 15 65 97 174 165 134
169 56 35 200 79 16 180 141 160 19 32 187 6 49 135 9 73 182 153 185 61 94 107 46 128 102 57 170 168 193 38 129 104 91 62 120 192 176 78 122 105 58 179 52 133 28 173 75 8 17 137 188 92 41 171 53 154 121 85 14 130 80 178 162 95 25 172 155 76 103 143 40 34 93 113 15 27 18 26 97 147 165 144 132 134
5 200 123 114 16 180 160 187 19 6 197 45 145 31 189 153 61 107 57 159 102 128 193 38 88 129 91 62 120 158 105 133 173 75 184 17 37 1 92 41 137 83 36 8 98 85 198 130 178 77 33 126 155 66 103 143 50 65 97 194 167 42 144 132 157
56 55 60 32 6 67 145 73 182 164 64 54 104 91 158 176 52 199 12 75 23 148 92 41 171 43 11 36 130 125 162 84 39 95 25 7 126 76 103 93 2 27 18 147 42 144 167 140 132 169 79 200 81 16 180 19 49 135 9 31 146 109 107 46 102 159 128 57 170 38 129 78 105 133 8 17 37 1 137 154 184 190 99 198 80 96 143 113 65 15 97 174
78 79 35 16 200 195 176 60 75 148 187 19 1 22 83 41 190 31 74 153 125 80 162 84 39 95 102 152 15 168 191 124 129 174 97 62 147 158 134
123 114 30 32 117 67 45 197 145 73 182 151 54 86 191 91 158 176 179 173 75 188 41 11 36 85 130 125 119 84 77 95 126 172 66 103 76 93 50 34 124 18 194 167 42 157 169 200 16 81 195 180 160 9 146 74 106 109 94 161 107 46 128 170 193 88 101 105 133 24 17 1 154 47 175 99 198 89 14 80 155 143 15 65 97 174 134
56 114 55 35 30 6 145 73 182 115 64 191 104 62 158 176 179 173 75 23 41 36 98 85 162 39 84 77 25 172 108 76 103 34 2 194 26 167 42 144 140 157 169 200 141 19 49 135 44 189 146 74 106 109 107 46 57 102 170 88 131 120 78 105 133 8 17 184 137 53 154 83 47 190 198 89 80 96 51 33 155 143 15 97 174 165 134
200 79 56 16 20 81 180 160 32 145 9 73 74 106 128 102 193 88 101 105 24 75 8 37 148 184 83 92 175 154 22 36 41 11 198 166 14 80 51 39 77 33 25 126 172 155 66 143 103 59 50 65 93 2 174 34 113 27 15 144 142 140 134 157
56 114 35 55 123 60 30 32 117 45 197 145 73 196 153 64 54 104 91 176 58 52 12 173 75 148 23 92 41 98 130 162 39 95 108 172 103 76 93 50 59 34 2 27 18 194 167 42 144 127 140 157 169 79 16 200 81 195 180 160 19 187 49 135 31 74 106 61 29 46 102 159 57 170 193 129 120 192 78 184 17 8 137 53 22 47 154 190 83 99 166 89 14 198 178 51 33 149 113 15 174 165 134
56 35 114 200 16 81 60 30 160 19 187 49 197 44 135 9 31 74 153 106 109 64 46 102 54 168 191 38 129 104 91 131 158 176 78 122 133 179 52 12 199 24 173 75 8 37 1 154 92 47 171 190 98 166 198 14 130 119 178 84 39 77 95 25 33 126 108 93 50 34 59 27 174 26 167 42 132 116 127
5 56 35 169 79 81 60 30 180 141 160 19 197 67 145 135 44 9 31 146 189 74 106 109 64 61 151 107 102 159 128 63 168 191 54 170 104 193 88 129 163 131 120 78 122 105 133 24 173 184 17 83 92 41 171 69 175 190 99 85 130 125 84 51 77 7 25 126 108 172 103 143 40 48 93 50 15 65 27 97 174 87 144 42 165
5 56 114 79 110 195 160 19 32 49 67 117 145 135 31 182 164 153 115 64 29 102 159 54 170 193 38 104 91 176 122 133 52 199 24 75 173 184 17 37 137 53 41 154 1 47 99 166 130 125 3 178 108 103 143 34 113 2 27 18 174 97 165 144 127 134
169 79 55 16 5 56 180 160 19 117 145 9 73 182 106 185 109 61 64 107 102 57 152 88 158 8 173 17 1 53 37 137 184 171 23 80 162 84 95 76 103 48 34 93 15 97 18 167 165 144 132 157
169 200 16 35 176 30 75 141 8 160 19 22 47 175 67 190 135 189 198 80 77 25 126 108 66 128 168 191 174 27 167 165 120 144 42
5 56 123 35 55 169 200 60 79 16 180 32 49 136 6 145 44 146 106 64 61 107 128 54 170 88 104 91 131 120 192 78 133 75 184 17 23 37 83 92 41 171 22 190 99 198 89 14 130 118 178 80 77 95 103 76 143 93 50 34 15 65 27 18 97 127 142
200 35 16 79 195 30 180 160 187 49 6 117 135 31 146 164 153 74 106 109 64 61 151 102 159 128 170 191 38 129 91 62 176 78 122 58 179 133 12 173 75 184 148 111 23 92 41 171 17 37 1 53 83 85 47 154 118 190 22 80 51 77 95 33 172 155 66 76 143 40 93 50 113 174 18 97 167 42 165 142 140 157 134
79 123 195 179 60 141 23 148 22 83 1 135 36 31 73 85 198 74 166 178 119 162 84 61 94 51 126 46 155 66 159 15 63 174 88 91 62 120 165 116 134
56 35 55 114 32 197 45 73 164 153 168 104 176 179 75 173 148 23 92 41 171 43 36 98 130 119 162 84 77 25 126 172 66 103 34 50 124 27 18 167 42 132 127 100 200 79 81 16 195 180 160 187 49 9 31 189 61 102 57 159 152 170 38 129 131 120 105 184 17 37 1 22 47 83 190 175 99 166 89 198 14 80 96 33 155 181 143 15 65 174 97 142 134
5 56 55 123 114 30 32 197 73 182 196 153 4 63 168 104 91 62 158 176 122 179 199 75 23 148 92 41 36 82 85 130 125 119 162 77 95 7 108 172 76 103 93 34 124 2 194 26 42 144 157 169 200 16 81 180 160 49 135 31 9 146 74 106 29 107 46 57 159 128 102 170 88 129 131 192 78 105 133 24 8 184 17 1 137 22 47 190 99 121 166 198 80 33 155 143 113 65 174 165 142 134
169 56 35 55 79 200 81 60 195 30 180 160 19 49 117 135 9 73 146 182 196 153 106 64 61 151 107 102 159 170 168 191 88 62 158 176 78 133 199 24 75 17 1 53 154 92 41 175 11 190 82 198 89 130 125 118 162 14 80 77 95 25 7 178 3 71 51 155 103 59 50 15 174 18 167 144 140 134
56 35 123 55 79 81 160 187 32 19 197 44 31 182 153 106 64 61 94 151 46 102 57 159 4 54 63 191 168 88 91 62 131 120 176 105 133 24 75 8 17 23 37 188 1 41 184 69 36 154 22 83 190 99 198 89 80 162 39 84 77 95 25 51 33 172 108 155 103 34 113 65 15 27 18 174 167 42 144 140 134
169 56 35 114 110 79 16 180 160 32 49 197 67 135 9 73 31 146 196 153 64 61 29 161 107 128 159 4 54 168 191 88 129 104 192 101 105 52 173 75 184 23 148 8 17 41 171 69 137 53 154 47 85 190 99 198 125 89 162 96 77 33 25 172 108 155 156 76 48 34 50 93 113 65 27 15 174 97 167 42 142 157
169 56 123 35 55 200 16 60 81 195 180 19 6 117 145 31 73 9 153 109 64 61 107 128 159 168 191 88 38 129 91 62 158 78 133 75 173 8 23 184 188 92 41 171 11 17 137 98 37 190 99 166 118 130 89 162 39 198 77 7 25 96 51 172 33 155 66 143 48 93 34 50 15 27 18 26 174 97 42 144 87 165 134
79 56 16 19 49 153 106 61 94 151 46 128 159 170 193 88 129 104 120 176 133 75 37 1 148 154 47 92 171 190 53 98 85 130 80 162 96 84 25 155 76 103 93 34 15 27 18 194 165 134
169 5 16 200 60 197 9 73 153 64 61 128 159 168 191 88 38 129 104 120 78 58 199 173 8 75 137 23 188 37 41 148 184 198 130 80 39 77 25 172 71 103 76 93 34 174 26 142 134
169 79 114 35 200 16 160 19 32 49 197 117 145 31 73 146 182 74 109 107 46 102 4 170 38 129 62 131 158 101 176 78 122 199 184 37 148 111 1 92 41 22 69 36 47 154 99 82 85 166 89 119 80 96 51 25 108 71 172 103 76 50 2 27 18 26 174 167 97 165 127 157 134
114 81 180 160 19 32 49 6 31 73 182 153 61 107 46 102 159 54 168 170 88 129 104 62 158 101 78 105 58 199 173 1 148 83 53 41 154 11 166 130 80 84 77 95 25 172 71 155 103 93 50 174 97 27 167 87 147 42 157
169 56 114 123 35 200 16 79 195 30 180 160 19 49 6 67 45 197 136 117 182 74 112 106 61 94 107 46 128 159 88 129 104 91 62 38 192 101 122 133 179 199 52 75 17 23 148 111 92 1 171 154 47 22 98 166 89 130 119 80 51 95 25 33 155 76 103 156 143 34 50 40 2 27 124 97 174 165 144 127 132 140 134
169 200 123 79 16 73 189 182 153 109 64 61 29 107 102 88 104 62 176 78 122 184 17 37 137 8 83 190 99 98 198 80 178 125 39 51 77 33 95 162 181 155 103 93 113 50 15 65 174 97 167 144 132
169 56 35 123 200 79 195 60 30 180 160 19 49 197 67 145 44 164 153 106 64 61 94 107 128 102 159 152 54 129 91 62 131 158 101 78 52 173 75 8 148 17 53 154 41 171 11 83 190 99 166 89 14 198 80 162 95 7 126 172 181 103 113 15 27 174 26 165 142
79 35 200 30 32 197 117 31 9 74 61 46 102 128 159 86 191 88 91 158 122 105 133 75 184 173 1 23 53 47 17 171 85 89 80 96 84 162 7 25 95 126 172 71 103 143 93 59 34 124 2 167 42 144 157
169 176 123 105 179 199 8 184 75 160 19 32 111 23 67 45 188 92 9 31 22 175 89 14 118 61 95 151 172 155 128 159 34 50 15 54 97 26 120 192 134
56 35 114 123 110 55 30 32 67 45 145 197 153 4 54 168 191 104 91 62 158 176 173 23 188 69 11 130 118 125 162 84 39 77 95 126 172 103 93 50 2 10 27 167 42 127 140 157 169 200 79 16 195 180 160 19 187 44 9 31 74 109 61 107 46 102 159 170 88 129 131 105 133 184 17 37 8 175 99 198 166 14 89 80 96 51 149 155 113 15 165
79 16 114 30 180 19 117 135 182 115 64 61 107 102 170 120 192 133 199 173 17 8 137 1 37 83 175 23 11 99 198 85 80 77 33 25 7 103 40 34 97 18 27 167 165 127 132
169 200 35 123 114 79 16 30 180 19 32 67 197 117 182 196 106 185 64 109 61 107 46 57 159 88 129 104 38 62 120 78 105 133 52 199 173 75 184 111 17 8 92 41 137 69 1 53 98 190 198 130 119 125 162 39 80 95 25 126 108 172 155 76 156 34 93 50 113 15 27 65 174 42 144 127 140 165
56 114 55 35 60 32 6 117 145 73 196 112 64 54 63 104 91 62 158 176 179 199 12 23 111 188 148 171 11 98 85 125 162 84 7 25 95 126 103 34 124 2 194 167 144 140 200 16 81 79 195 180 141 160 19 49 135 31 106 107 46 102 128 57 152 193 88 129 38 184 17 37 1 22 175 166 198 80 96 155 181 143 65 15 97 165 142 134
35 55 114 60 30 197 45 67 73 196 153 54 168 63 104 91 158 199 28 173 23 148 188 92 41 171 11 85 130 125 162 84 77 95 25 172 103 76 93 50 34 27 167 147 144 132 169 79 200 81 16 195 180 160 187 19 135 31 9 146 189 74 109 61 161 107 128 159 102 57 170 88 129 38 101 105 24 184 17 137 53 154 22 83 190 99 198 166 14 80 51 33 155 113 15 65 97 174
169 56 55 79 110 16 195 30 180 160 19 32 145 73 146 153 186 112 106 64 61 151 46 102 159 54 168 191 170 91 62 158 192 176 105 133 179 199 75 8 17 148 37 188 92 41 171 1 36 137 83 154 85 190 99 130 166 14 162 84 39 77 95 7 178 80 172 51 155 103 76 143 34 50 27 18 174 97 167 42 144 157
176 79 16 114 78 58 133 30 173 23 187 83 175 197 41 44 99 9 98 166 164 125 80 96 64 178 95 25 107 181 76 102 159 40 50 27 26 167 42 120 134
169 56 123 35 79 16 200 81 30 180 19 117 197 135 44 9 73 31 146 196 74 61 107 46 57 170 168 191 38 88 91 62 120 192 78 105 133 179 173 8 184 23 148 111 92 41 37 1 36 53 154 83 85 22 190 118 130 125 162 99 198 166 14 25 80 178 172 108 51 33 155 48 34 113 2 27 18 194 174 167 42 144 97 140 157
200 35 81 160 187 19 49 9 46 159 170 168 63 88 129 193 91 62 120 158 78 105 52 184 173 23 111 137 188 41 171 11 190 99 92 36 85 53 14 130 125 118 166 77 95 25 7 172 76 59 93 50 15 27 174 97 167 165 42 157
56 35 114 32 136 117 45 145 182 164 115 64 54 168 191 104 91 158 176 75 173 23 148 188 92 41 171 11 69 36 98 130 162 84 77 7 95 25 126 172 71 108 66 103 76 93 124 27 167 42 127 116 132 169 200 79 180 160 19 49 146 74 106 109 61 94 107 102 159 128 170 88 129 38 120 101 72 184 8 37 1 17 83 154 22 190 99 166 89 14 198 80 51 33 155 113 15 174 97 165 142
5 56 114 55 110 169 195 30 180 160 187 32 67 45 197 117 31 73 182 196 74 106 64 61 29 107 128 102 57 168 191 38 129 62 78 105 133 179 52 8 17 184 148 37 188 22 47 171 69 36 99 198 89 14 130 119 80 178 96 51 77 95 33 172 155 156 76 103 143 34 93 15 124 27 18 97 167 147 144 132 127 157
5 56 123 169 110 200 16 81 30 180 160 19 49 6 117 31 182 107 90 152 4 170 88 38 104 129 192 176 105 179 199 75 184 23 137 188 47 175 11 36 85 198 89 118 14 80 84 51 95 25 155 66 76 34 50 59 113 2 15 174 167 42 127 140 142
169 35 60 30 160 32 49 73 196 185 109 94 46 102 159 4 170 104 120 179 75 173 8 137 23 154 92 41 198 85 89 80 125 96 84 7 103 76 113 15 65 147 165 144 142 127 87
79 55 30 187 32 19 136 67 197 44 73 153 106 29 94 128 159 102 4 54 168 191 88 104 62 120 158 78 176 122 105 199 75 8 37 23 111 1 137 41 43 69 171 11 83 148 85 188 98 130 119 53 162 84 198 89 95 25 80 126 103 93 34 2 174 18 26 167 42 134
169 56 79 81 142 180 160 187 49 197 117 145 9 31 106 109 64 107 102 152 63 170 88 129 104 62 120 101 176 105 133 199 173 75 8 148 111 23 92 41 17 184 1 37 83 47 22 190 198 130 89 14 162 51 77 7 25 33 103 76 143 34 50 93 113 124 27 18 194 15 167 42 144 65 174 134 157
79 114 55 56 35 200 60 180 160 32 117 45 145 31 182 164 153 185 109 29 46 102 88 129 104 120 105 8 75 173 37 111 188 92 41 171 47 85 89 14 198 125 178 162 77 25 172 155 93 50 15 174 27 18 97 167 87 144 42 127 134 140
5 56 35 55 30 32 117 67 182 164 112 64 151 54 63 191 104 91 62 158 58 179 12 75 23 92 41 69 36 82 130 125 162 84 126 108 172 103 76 34 50 93 27 18 167 42 144 132 140 200 16 195 180 160 187 19 49 135 31 109 61 29 107 46 57 128 159 170 193 38 88 120 78 105 133 184 8 37 1 137 154 47 22 175 83 190 198 89 80 51 33 143 40 15 174 165
5 114 123 60 30 32 6 197 45 145 117 67 73 196 153 4 54 168 191 104 91 62 158 58 75 148 111 188 41 98 85 130 162 77 7 25 95 126 108 71 66 103 50 42 144 116 140 100 157 79 200 81 180 160 44 135 189 106 109 46 102 159 152 193 88 129 131 120 78 105 133 184 8 17 137 1 83 154 175 190 99 89 14 80 96 33 155 48 15 97 174 165 134
5 56 123 114 110 60 30 32 67 117 145 45 73 182 164 115 185 64 4 54 168 104 91 62 176 199 148 188 92 41 171 68 98 85 162 84 39 77 7 25 108 103 93 34 50 2 18 147 42 127 169 200 180 160 187 135 74 106 61 107 46 128 102 170 88 38 131 105 133 24 8 17 184 1 53 83 22 175 190 37 198 89 14 80 51 155 143 113 15 65 174 97 165 134
169 56 16 81 19 6 45 31 73 189 153 106 61 107 46 102 4 191 88 129 104 91 62 38 163 158 176 105 179 75 17 148 23 83 41 190 69 175 99 166 89 14 125 80 96 51 119 95 25 126 172 66 50 65 167 165 147 142 132 134
5 56 114 30 32 197 67 145 73 153 185 64 139 54 168 104 62 158 176 122 179 199 75 173 23 188 41 171 69 36 82 118 119 39 95 25 126 108 76 103 93 50 27 18 147 167 132 169 79 16 200 195 180 49 189 106 61 46 102 128 170 193 88 129 120 101 78 133 184 17 8 137 53 154 47 22 190 175 1 99 166 89 14 198 80 15 65 174 97
169 200 195 60 12 30 180 184 173 37 137 1 154 23 175 171 75 32 182 153 118 51 7 126 46 76 152 113 54 170 194 167 91 62 142 140
56 55 35 114 60 32 136 197 117 67 73 182 115 153 185 64 63 168 191 104 91 62 183 158 176 58 179 199 12 173 148 92 41 171 85 118 130 162 39 84 77 7 25 95 108 76 59 34 50 27 18 167 42 169 200 16 79 195 180 160 187 31 74 106 61 29 94 107 102 57 128 70 159 170 193 88 163 129 120 78 105 133 72 184 17 37 8 1 22 47 83 154 99 198 89 14 166 80 155 48 174 165 134
5 169 35 79 195 187 45 9 31 146 74 153 186 64 61 107 46 102 54 129 62 120 158 78 58 52 199 12 173 184 23 148 111 92 1 171 11 69 47 98 175 85 190 99 130 125 89 162 80 96 51 25 126 172 155 143 93 50 34 113 124 15 65 26 174 97 42 144 132 140 157 165
56 35 123 81 200 60 180 30 160 49 67 117 44 146 164 61 57 63 170 88 104 91 158 199 8 1 53 47 171 85 89 198 14 80 96 84 51 77 95 34 27 167 144 127 140
169 56 35 200 81 195 142 60 30 180 160 19 32 49 197 45 67 135 31 189 182 164 196 106 64 61 29 107 102 86 170 191 129 104 131 158 192 78 122 105 58 75 184 17 23 148 188 92 41 137 175 36 99 85 166 14 130 125 118 162 178 80 172 155 66 103 143 34 50 65 15 27 97 167 87 144 127 165 134 157
56 114 200 60 75 1 187 154 92 49 190 47 45 146 85 198 118 189 162 51 77 29 95 107 181 159 70 113 15 174 18 129 104 27 120 132
56 35 55 60 30 32 197 73 164 153 112 90 191 104 62 158 58 179 199 12 75 173 23 148 92 69 36 85 39 84 77 95 25 126 108 66 103 34 50 93 27 18 194 42 127 132 169 79 200 16 195 180 160 187 135 31 189 146 106 109 61 29 107 46 102 159 152 170 193 88 129 38 163 78 105 72 8 17 37 1 137 22 83 47 99 121 198 89 14 80 33 155 181 143 48 65 174 97 165 142
169 56 16 81 110 200 195 123 19 32 49 145 31 73 182 196 153 109 64 107 90 151 102 170 191 88 131 62 192 78 176 105 199 24 75 17 1 137 22 188 23 190 98 121 198 89 80 162 77 25 108 155 172 143 103 34 15 27 97 18 167 165
56 123 55 110 60 30 32 67 145 64 54 86 168 104 62 158 122 179 199 173 75 23 92 41 171 98 85 130 125 119 162 77 95 25 108 71 156 103 93 50 27 18 26 144 127 169 16 141 160 19 187 49 31 146 74 106 61 29 107 46 102 159 57 152 170 38 88 163 129 192 101 78 105 24 8 17 37 137 22 190 198 14 80 155 48 113 15 65 97 174
56 55 35 114 60 30 32 197 117 145 73 182 196 153 112 64 104 91 62 176 179 173 148 23 111 92 41 171 130 125 84 77 25 126 172 71 103 76 34 93 50 124 27 18 26 194 147 42 144 2 140 100 157 169 79 16 200 160 187 49 135 31 146 74 109 61 107 46 102 159 57 170 193 38 88 120 192 105 24 184 8 37 1 17 83 154 22 190 198 89 14 80 51 33 143 113 15 165 134
169 56 55 200 123 187 32 117 197 9 73 164 153 74 185 64 109 61 107 128 159 170 91 101 122 105 133 199 75 17 23 53 154 41 171 11 85 130 162 33 95 25 103 40 34 2 18 87 132 140 134
169 79 55 16 200 142 30 160 32 145 135 9 73 31 164 106 185 61 107 57 128 54 168 191 88 91 62 131 101 78 199 75 23 148 53 92 41 171 11 22 190 99 85 82 130 125 178 80 95 126 108 155 103 59 50 34 27 174 26 167 42 144 132 147 134 140
169 56 16 195 180 141 160 19 32 49 197 117 67 135 73 146 189 74 64 107 102 159 128 168 88 62 78 176 122 105 199 12 184 148 1 83 166 130 125 96 77 95 7 25 126 33 66 103 143 34 50 15 124 97 27 165 132 140 134
114 123 60 30 32 117 67 145 197 54 63 168 104 91 62 183 176 179 199 173 75 23 188 41 171 11 130 162 39 95 25 126 172 71 103 34 93 59 27 18 26 147 42 144 157 169 200 16 20 79 160 19 49 31 9 189 106 109 61 94 107 46 102 57 170 88 129 192 78 105 133 24 17 37 53 22 83 190 121 14 80 155 181 143 113 15 65 174 134
79 200 56 110 35 123 32 45 145 44 73 182 74 196 106 107 102 159 170 191 88 129 104 131 62 133 58 199 75 173 8 23 1 154 53 41 171 175 47 99 121 188 89 14 80 178 96 84 77 126 71 143 40 50 113 2 97 174 194 167 144 142
56 114 79 110 16 81 200 30 180 160 19 32 187 136 67 197 145 49 135 31 146 164 153 196 74 106 61 107 46 102 193 88 129 38 91 62 131 120 158 78 105 179 52 75 173 184 23 8 1 92 41 171 11 69 22 166 89 14 130 198 80 162 77 95 33 172 149 103 34 93 50 2 27 18 97 167 42 144 165 140 134
79 200 55 16 60 180 32 45 31 189 61 94 107 46 4 54 91 62 199 75 8 17 53 83 47 92 190 22 198 89 14 130 80 162 77 95 25 155 71 181 113 27 18 26 194 167 127
56 35 114 123 55 32 67 197 73 182 164 153 112 90 54 168 63 191 91 62 158 176 122 58 75 173 111 23 188 41 98 130 125 119 118 162 77 95 25 126 108 71 103 76 93 50 124 27 167 42 144 87 132 140 157 200 16 81 180 141 160 187 49 135 31 189 61 29 107 46 57 102 128 159 170 193 129 120 192 78 133 24 184 17 37 1 53 22 83 47 190 99 121 166 89 14 80 178 96 51 33 113 65 15 174 97 165 134
5 56 123 114 169 200 79 180 187 67 145 135 31 74 153 106 61 29 107 128 102 152 168 38 129 88 62 131 120 158 176 78 122 105 133 179 199 75 184 17 23 111 148 92 41 171 1 154 47 175 190 22 99 198 119 80 162 39 51 77 95 25 172 108 149 103 34 93 15 2 27 18 174 147 167 144 127 140 132 134
5 169 114 35 55 16 20 81 142 30 180 160 49 145 9 73 31 182 196 153 146 106 64 61 29 151 102 159 54 63 170 38 129 104 163 62 88 120 78 105 133 199 173 8 184 148 37 1 92 41 171 53 36 83 98 47 175 190 89 130 125 3 162 84 178 77 80 51 33 172 155 143 15 65 2 27 174 97 42 144 132 165 134 157
5 56 35 55 110 60 32 6 197 117 67 73 164 153 64 54 168 191 63 104 91 62 183 176 179 199 173 148 188 92 11 69 82 85 77 95 25 7 71 103 34 93 167 42 144 140 169 79 200 20 195 180 141 160 19 49 135 9 146 106 109 61 94 107 46 57 159 102 152 129 78 105 133 8 17 37 1 22 47 83 166 89 198 80 51 155 65 142
56 55 123 110 30 117 73 182 196 153 186 185 64 151 54 91 62 158 179 75 173 148 23 92 41 171 43 36 125 162 84 77 95 25 126 76 93 50 27 26 167 144 132 127 100 169 79 16 180 187 44 74 109 29 107 46 128 102 152 170 129 192 78 105 133 8 17 37 1 53 22 47 154 190 83 198 89 166 178 51 181 48 113 15 97 174 165
169 56 123 79 110 16 81 30 160 19 32 31 73 189 182 146 106 61 151 139 102 191 193 88 104 62 131 120 176 105 133 75 173 184 148 23 188 92 41 171 11 53 154 22 190 85 89 118 125 80 95 25 33 172 71 108 66 155 143 15 65 124 174 18 167 42 144 165
79 35 114 60 30 180 160 32 49 67 9 196 153 115 94 46 104 91 158 133 199 24 184 23 53 83 154 22 1 190 99 121 198 80 33 108 172 93 113 65 2 174 18 26 167 42 165 134
56 114 79 110 16 30 180 160 19 32 49 67 145 31 73 146 164 106 109 94 29 107 46 159 88 104 91 131 158 176 78 105 133 179 173 17 37 148 23 1 53 41 171 137 47 175 83 99 89 14 130 39 51 77 25 126 108 76 103 40 50 15 27 10 174 167 42 165 157
16 60 180 160 187 49 67 45 31 74 115 196 153 106 151 102 54 88 91 62 176 105 133 184 22 92 175 36 198 130 125 162 39 77 126 155 181 76 34 50 93 65 174 18 167 144
56 123 32 117 73 182 115 186 153 64 54 168 104 91 62 183 158 122 179 111 188 92 41 11 36 82 130 125 118 162 39 25 172 103 156 76 34 93 124 2 18 167 42 144 127 140 157 169 79 200 16 195 180 160 19 135 31 189 146 106 61 107 46 128 170 129 131 120 101 78 105 17 137 53 22 47 175 190 83 1 154 121 198 89 14 178 80 51 33 155 143 15 174 97 165 142 134
5 56 123 114 110 169 79 200 81 160 19 32 117 197 145 67 135 73 9 182 164 31 186 146 185 189 74 102 159 70 13 170 193 88 129 104 62 120 158 176 179 52 75 184 17 148 37 137 8 41 171 69 154 83 98 99 89 14 130 80 178 162 39 51 77 95 25 33 172 71 34 93 65 27 18 26 97 167 144 127 142 134
56 123 55 60 32 197 67 145 73 196 153 151 168 104 91 62 158 176 122 179 199 173 75 23 148 92 41 171 36 82 85 130 125 119 162 95 126 103 34 18 167 42 127 132 169 200 16 81 195 180 160 19 49 135 31 9 189 146 106 109 61 94 107 102 57 159 170 88 131 78 105 133 8 17 184 22 83 99 166 89 80 96 51 155 143 48 65 15 97 174 165 142 134
56 55 35 114 123 32 136 197 145 196 153 86 191 91 62 158 176 58 179 75 173 23 111 92 41 36 85 130 119 125 77 95 7 25 126 108 172 103 76 34 50 93 124 27 26 167 144 132 157 169 79 16 200 180 160 187 19 49 135 9 31 146 74 61 29 107 46 128 170 38 129 88 192 101 78 105 133 24 184 37 137 53 83 47 22 1 190 198 166 14 89 178 51 143 174
169 56 200 16 81 195 180 187 32 19 136 197 117 145 67 49 73 135 182 196 9 31 106 46 128 102 54 170 88 129 104 91 62 131 158 192 176 78 179 199 177 184 17 23 1 53 154 41 171 11 68 69 22 175 85 190 89 84 77 33 25 126 172 76 143 34 50 113 15 124 65 97 174 167 144 132 140
169 35 30 160 187 49 117 197 145 9 31 146 196 153 106 109 46 102 159 152 54 168 170 158 101 78 133 52 199 8 17 184 148 22 47 175 190 11 83 92 68 85 130 96 51 84 77 126 172 103 93 65 97 27 18 42 132 157
5 56 123 55 35 32 197 45 145 164 115 153 185 64 139 54 63 104 62 158 179 75 173 23 111 188 92 41 171 36 98 85 130 162 39 7 25 95 126 108 76 103 93 50 34 2 27 18 167 42 132 157 169 200 16 81 180 160 19 74 94 107 46 57 128 102 170 129 120 78 24 8 17 1 83 22 47 190 14 80 178 51 181 15 174 97 134
56 114 55 123 79 200 195 180 160 19 32 117 197 45 135 31 182 196 109 64 61 94 107 46 102 159 128 54 63 191 88 129 62 176 179 199 173 17 37 148 111 137 1 41 154 11 36 47 53 190 121 166 198 118 125 14 162 84 39 80 95 7 178 96 172 51 33 76 143 40 34 50 65 15 124 2 27 194 97 167 42 165 140 157 134
169 56 35 123 114 79 16 195 30 160 19 187 197 145 44 135 31 9 153 115 106 61 29 107 46 102 54 63 170 38 104 91 62 131 120 192 176 122 105 58 179 199 12 133 75 173 8 148 37 1 92 41 22 11 175 85 198 14 130 80 162 84 77 7 25 33 126 172 155 66 103 59 50 34 15 124 27 18 97 147 144 132 157
200 114 16 55 133 123 199 37 111 148 19 53 41 117 187 135 85 89 164 196 80 162 109 51 77 7 33 172 71 103 143 93 54 97 165 157
169 79 16 200 123 114 180 187 32 67 145 31 182 112 109 64 107 4 63 170 129 91 62 78 105 52 199 179 1 53 83 92 41 154 23 190 99 98 82 198 80 125 162 84 25 126 172 103 143 50 15 174 27 147 165
5 56 123 114 35 30 32 67 45 117 145 73 196 153 185 64 54 168 104 91 158 122 58 199 75 23 148 111 41 171 85 82 130 125 118 84 77 95 126 172 71 76 34 27 18 167 42 140 157 169 200 16 180 160 19 49 135 31 9 146 106 61 107 102 159 57 152 128 170 88 129 163 131 105 133 72 184 17 37 1 8 22 47 83 166 89 178 80 96 51 33 181 143 113 134
169 56 79 35 200 60 160 187 31 73 146 182 74 115 186 61 159 193 88 191 104 91 158 78 176 105 133 199 24 75 8 53 22 92 175 11 99 98 85 89 198 130 178 96 95 25 172 103 113 97 27 167 147 42
5 200 114 16 79 30 187 49 197 67 145 189 182 146 106 109 61 107 102 159 54 170 38 104 131 120 192 176 179 199 75 17 23 1 53 92 41 154 11 83 190 98 99 89 118 119 80 39 51 95 7 126 108 155 143 34 50 59 113 124 27 15 65 174 167 42 144 165 140 134
169 56 55 79 195 60 30 180 19 32 49 45 31 73 106 64 107 46 102 128 54 168 191 170 88 91 62 192 78 199 75 17 23 137 53 92 154 43 22 36 85 166 198 130 125 119 162 118 14 77 51 126 108 71 181 76 103 34 93 15 27 97 174 167 42 144 165 116 157 134
200 123 16 35 195 30 187 32 49 117 45 145 67 31 146 182 164 106 64 46 128 57 54 168 38 129 104 91 62 120 131 101 78 176 122 105 179 173 17 8 23 154 47 175 190 11 85 162 51 77 25 172 155 108 156 103 93 50 18 26 165 157
56 110 30 32 67 182 164 196 186 191 104 62 158 58 177 179 12 199 75 173 23 148 92 41 171 69 130 125 119 39 84 77 95 25 7 126 172 59 34 50 2 167 42 144 87 132 140 79 200 20 16 195 180 160 19 44 9 31 146 106 109 61 107 46 102 159 128 152 170 129 120 78 133 8 184 37 137 17 154 83 47 190 198 89 14 166 80 96 51 65 174 165 134
5 200 79 56 16 123 180 187 32 117 45 31 109 64 61 151 107 54 191 129 104 91 62 120 131 101 176 105 179 173 184 148 1 83 188 98 198 85 118 80 125 162 51 95 33 25 126 108 155 143 103 93 124 97 18 27 147 42 132 134
169 200 114 81 55 56 123 180 136 117 197 146 106 109 46 159 170 63 191 38 91 120 176 78 105 52 173 184 37 148 154 92 41 99 89 130 80 51 77 172 143 76 103 34 50 93 15 2 174 97 26 167 144 142 134 157
55 35 123 136 67 117 182 151 54 104 91 62 158 122 179 199 75 173 188 92 41 171 36 85 130 118 125 162 77 95 25 172 71 103 76 34 50 27 18 194 167 42 144 132 140 127 79 16 160 19 49 146 74 109 61 107 46 102 159 128 170 38 88 78 105 133 24 8 184 37 1 17 22 47 175 190 154 99 166 89 80 3 33 143 113 65 15 97 174 134
5 56 35 114 169 200 81 195 160 19 32 136 197 67 135 31 153 106 109 107 46 102 159 54 86 170 88 129 104 91 120 122 105 58 52 199 173 184 17 23 148 8 37 22 171 154 175 85 89 14 118 80 178 96 77 7 95 33 108 76 143 34 93 15 2 27 167 42 144 165
56 79 16 110 195 30 180 160 187 19 49 67 117 44 31 189 146 164 74 106 109 29 94 107 102 152 191 38 129 104 91 120 158 78 122 133 75 8 184 37 1 188 53 41 171 11 22 154 175 17 14 130 125 80 162 178 96 33 25 126 108 76 156 48 93 113 65 27 97 167 42 165 127 140
169 79 114 35 110 123 160 187 32 117 44 135 196 106 64 29 151 46 57 102 54 170 193 129 91 131 120 78 105 58 52 199 133 173 8 17 37 83 92 41 47 69 36 175 190 85 166 89 130 80 84 39 77 95 25 126 103 76 143 40 93 50 27 42 140
169 200 114 81 16 19 44 135 31 9 73 146 196 106 109 61 107 128 54 88 129 38 120 176 105 199 8 17 75 137 23 1 190 11 36 89 96 51 25 71 143 15 124 27 18 26 174 147 165 144
169 56 123 35 200 16 81 195 180 160 19 32 67 197 44 31 74 153 106 109 61 94 107 46 57 102 191 91 131 158 101 78 105 58 52 199 75 8 17 23 137 188 1 41 83 36 99 121 85 166 198 14 125 80 162 77 95 103 40 48 34 93 15 65 26 147 42 167 127 132 165 134
169 200 35 123 55 16 81 60 160 49 197 145 31 9 146 196 153 164 74 94 107 46 102 159 54 168 86 170 88 104 38 120 158 192 176 105 58 179 133 24 75 8 148 111 1 83 41 175 190 99 85 198 89 14 80 162 39 96 51 25 126 108 103 15 27 18 97 174 42 132 140 134
5 56 35 169 79 16 81 30 180 160 187 19 49 67 45 31 73 146 182 164 109 61 29 94 107 90 46 102 159 57 152 128 54 168 170 193 129 104 131 120 158 176 105 133 173 8 17 148 111 37 1 53 171 154 47 184 190 85 89 130 125 80 162 178 95 25 172 155 103 34 50 93 27 167 42 144 132 140
56 35 55 114 200 16 79 195 180 160 19 32 49 117 197 44 135 31 73 9 182 146 153 186 115 74 106 159 70 63 168 86 54 170 129 62 131 120 158 192 176 78 105 133 199 173 8 37 111 53 188 22 41 171 43 85 198 89 125 80 162 84 39 96 25 126 108 155 93 34 59 27 18 194 97 167 42 165
169 35 187 197 117 182 109 128 170 63 104 91 62 131 133 179 173 8 75 1 37 154 92 11 98 198 14 80 125 162 84 51 77 155 76 103 40 50 65 15 18 167 42 144 134 100
5 56 123 55 114 169 200 79 81 180 160 19 197 117 67 135 31 73 196 109 151 107 46 102 4 54 170 193 129 104 91 62 158 192 78 122 105 179 52 199 75 184 8 23 148 188 17 1 171 11 154 85 166 89 130 125 80 178 39 77 95 126 181 155 103 143 93 50 59 15 2 65 18 97 174 167 42 165 132 140 127 134
35 123 114 30 6 67 117 45 145 73 182 185 64 54 168 63 191 104 91 62 158 176 58 179 52 12 173 23 148 188 41 11 130 125 118 162 84 77 7 25 172 108 103 76 34 2 167 42 144 127 157 169 200 79 20 195 180 141 19 135 9 31 107 46 57 102 70 170 88 129 38 131 78 105 133 24 8 17 37 22 83 154 190 47 175 99 121 198 166 80 51 33 155 143 113 15 174 142 134
56 123 20 32 49 117 45 31 146 61 29 94 102 4 129 91 78 199 24 75 173 1 92 171 69 85 166 89 198 51 84 7 95 172 103 143 93 50 65 2 97 27 167 42 132 127 134
78 200 16 195 58 199 173 17 37 148 1 187 47 175 19 197 23 117 73 85 125 178 61 77 7 181 66 102 159 54 27 88 42 144 158
169 56 16 81 35 60 180 160 19 197 145 106 64 159 152 54 129 104 158 78 105 133 199 184 8 37 173 17 83 92 22 111 41 121 166 14 118 125 3 162 80 84 95 103 59 93 65 15 2 10 18 27 42 144 165 157
56 180 32 197 44 189 106 109 185 61 46 102 170 168 62 120 78 176 105 133 179 199 24 8 17 184 137 173 22 148 190 85 14 130 125 162 39 51 77 95 126 172 76 48 113 15 27 18 167 165 42 132 144
169 79 123 114 35 200 30 180 160 32 49 67 145 135 44 73 9 31 153 115 106 61 102 159 57 63 54 170 38 129 104 88 62 120 176 105 58 179 133 75 173 8 148 17 37 92 41 171 184 83 175 98 190 99 198 89 130 14 178 162 39 84 77 7 25 95 126 172 71 80 103 76 93 50 34 15 2 27 124 167 165 132 127 157 134
56 123 35 114 110 60 30 32 45 164 196 186 4 104 91 158 122 58 179 199 173 23 148 92 41 11 69 98 85 118 77 95 25 108 172 66 76 34 50 124 147 42 144 132 140 157 169 79 200 16 195 180 160 19 49 135 61 29 107 46 102 159 170 88 129 38 131 120 78 133 24 8 184 17 137 53 83 22 47 190 175 99 166 198 89 51 143 113 15 65 174 97 134
5 56 55 114 123 60 30 32 6 67 117 145 73 182 164 153 186 64 191 104 91 62 176 179 199 173 23 111 41 171 11 98 82 125 162 39 77 95 25 172 71 108 103 34 93 59 50 124 27 2 167 42 127 200 16 20 79 195 180 49 135 9 31 146 189 106 61 107 46 102 128 152 170 193 88 129 38 78 133 24 184 17 8 53 154 22 175 190 121 198 80 181 155 143 40 113 15 65 97 165 142
56 35 114 110 123 55 30 6 67 117 45 73 182 164 115 185 54 168 63 104 91 62 158 176 179 199 75 173 148 92 41 171 69 36 85 130 125 119 39 84 77 7 25 103 93 50 2 27 18 42 140 100 157 169 200 79 81 16 160 187 19 49 31 146 106 94 161 107 57 102 152 170 88 129 131 120 192 78 105 133 8 184 17 1 154 22 175 190 99 198 14 80 51 155 143 65 15 174 134
56 35 123 60 32 67 197 45 73 182 196 185 64 54 63 191 104 62 158 176 52 179 12 199 75 173 23 92 41 171 43 130 125 118 162 39 77 95 25 126 103 76 50 27 18 167 87 144 127 132 157 79 200 16 195 180 160 187 19 135 9 31 109 61 94 29 107 46 102 170 38 129 163 131 78 105 133 24 8 184 37 1 137 83 175 190 121 166 89 14 198 80 96 51 181 155 143 48 65 15 174 97 165 142 134
56 16 195 60 180 30 19 197 31 73 146 106 64 94 29 161 107 128 57 191 38 88 129 91 131 192 101 78 58 179 199 75 17 184 1 22 36 130 178 80 162 84 77 95 25 108 155 172 71 103 34 93 65 113 15 174 27 26 194 167 42 87 50 116
5 56 35 123 30 32 6 117 67 145 197 73 182 153 64 4 63 104 91 62 158 176 179 199 173 75 23 148 111 92 41 171 11 36 130 125 162 39 95 25 108 103 76 34 93 167 42 144 132 140 157 147 169 200 16 20 195 180 160 19 187 49 31 9 146 106 107 46 102 159 170 38 88 129 131 120 101 78 133 8 184 17 53 22 47 99 166 89 80 178 51 33 155 143 15 174 134
79 55 16 180 32 136 117 31 153 115 64 107 102 128 168 88 104 120 176 105 133 58 199 24 184 17 37 1 23 83 47 171 190 68 36 198 85 130 162 77 33 25 126 108 66 103 143 48 59 93 50 15 2 174 124 97 167 144 132 140
56 35 200 16 79 20 60 195 30 180 160 197 45 145 67 31 182 196 164 186 29 128 70 170 168 191 88 129 104 120 158 78 105 133 179 199 52 72 173 75 8 148 17 188 92 41 184 53 36 22 83 99 85 166 89 130 119 14 162 84 178 96 7 25 95 33 172 71 155 76 103 143 48 93 15 124 27 18 174 97 167 165 140 134
5 56 114 123 60 117 45 197 145 182 196 164 153 64 91 62 158 58 75 148 23 188 92 41 130 39 7 25 126 172 103 76 59 50 34 93 2 18 26 167 42 127 140 157 169 200 79 20 180 160 19 49 44 189 109 61 94 107 102 159 128 170 193 129 120 101 105 133 8 1 154 83 190 89 14 80 96 51 155 143 40 15 97 174 165 134
56 35 123 32 136 117 67 73 196 153 112 185 64 54 86 191 168 104 91 62 158 176 122 199 75 111 148 23 92 85 118 130 39 7 95 108 172 76 103 59 50 34 124 27 26 167 42 127 157 79 16 195 160 19 187 49 135 31 9 146 106 61 107 46 57 102 170 88 129 131 192 78 8 17 184 137 53 22 83 154 175 198 89 14 80 178 3 33 155 143 113 15 174
5 56 55 35 110 114 32 117 196 164 64 63 168 54 104 91 58 52 173 23 148 92 41 43 171 36 130 125 162 39 7 25 95 126 172 103 76 93 50 59 34 27 194 167 144 157 169 200 16 79 20 180 19 49 135 31 9 189 106 61 94 107 46 57 102 170 38 88 131 120 78 105 133 72 8 1 53 154 83 137 190 198 89 14 178 80 96 51 33 181 143 40 113 65 97
169 200 55 114 110 79 20 195 180 160 187 19 49 9 189 196 153 106 109 64 151 107 139 128 102 159 152 54 170 191 38 88 91 62 131 158 192 105 52 184 8 37 23 148 188 92 41 137 22 190 198 14 130 80 162 84 39 77 95 25 51 108 172 103 76 34 113 65 15 124 10 18 27 174 167 42 97 127 132 116 165
79 55 200 123 180 160 19 187 197 45 135 31 182 153 46 102 128 170 88 129 120 133 12 173 8 75 23 53 37 47 175 190 11 36 17 118 80 130 125 25 126 108 103 93 97 26 167 42 165 127 157 134
200 55 56 110 195 30 19 187 117 145 9 73 107 46 128 193 88 104 176 133 75 173 23 148 154 22 41 190 175 99 198 130 80 162 77 7 25 40 167 42 165 132 134
56 35 123 55 60 32 67 197 145 73 182 196 153 64 139 54 168 191 104 91 158 176 122 199 75 173 23 148 92 41 171 85 162 39 77 25 126 108 172 71 76 103 93 34 50 124 27 18 194 167 127 157 200 79 81 187 19 44 31 189 106 61 107 128 102 159 170 120 192 78 105 133 24 184 137 1 53 22 154 166 198 80 51 33 181 143 113 97 174 165 134
79 55 114 123 60 180 197 45 31 9 182 115 29 151 107 46 152 54 168 170 38 88 176 105 199 173 184 17 23 111 37 92 41 1 69 53 47 175 190 85 130 125 80 178 96 51 77 33 126 172 34 50 113 174 18 147 167 127 140 142 134
60 136 117 45 145 197 73 182 196 153 164 64 139 63 168 104 91 62 158 176 199 173 75 23 148 41 171 11 82 130 119 125 162 84 77 95 25 172 76 103 34 50 27 18 26 167 42 87 144 157 169 200 16 180 160 19 135 31 9 146 189 106 61 128 152 170 38 88 131 101 78 133 24 8 184 17 53 154 83 198 89 166 96 51 155 143 65 174 134
56 35 55 123 32 67 73 153 185 64 139 54 63 191 168 104 62 176 199 12 173 75 23 148 111 92 41 118 125 130 162 77 25 126 172 66 76 103 156 34 50 27 18 26 167 42 144 132 169 79 16 195 160 187 19 49 31 106 109 61 107 46 128 159 57 170 88 129 38 120 192 78 105 133 72 24 8 17 1 137 22 198 89 178 80 155 15 97 174 165 134
5 200 35 56 195 187 32 67 197 145 45 164 153 196 109 64 107 128 54 168 191 193 129 104 91 62 158 105 133 184 8 37 148 53 173 23 41 190 175 47 99 22 198 89 130 178 162 77 7 172 66 143 34 194 147 165 157
169 200 56 20 79 176 52 199 180 24 75 141 184 37 23 1 173 47 41 190 198 166 14 61 77 7 95 107 155 103 128 34 97 174 27 62 120 140 134
169 79 123 16 195 180 160 67 135 9 73 182 64 151 102 159 168 38 91 62 158 176 105 133 179 199 75 148 83 92 190 130 80 178 33 126 155 181 143 113 50 15 97 165
169 114 81 110 195 123 180 117 145 31 9 115 106 185 107 128 102 170 129 131 120 133 52 24 8 17 184 111 23 154 83 175 190 47 53 99 98 92 85 14 130 178 51 25 126 108 155 143 93 97 18 26 174 147 132 116 157
5 79 200 195 180 160 187 32 153 64 107 46 102 38 62 120 183 133 24 173 184 17 23 111 188 47 92 190 11 8 166 130 125 51 25 126 108 143 103 50 65 97 167 42 165 134 157
35 114 55 60 30 32 197 117 145 45 182 164 115 64 63 168 191 104 91 62 158 176 122 179 52 199 75 173 23 92 41 11 36 98 85 162 77 95 7 25 108 103 76 93 50 34 2 167 42 144 147 132 157 200 16 180 19 49 31 146 74 106 109 159 152 170 129 120 192 78 105 8 17 1 53 154 22 83 190 47 198 89 14 166 80 178 51 33 155 15 65 174 165 134
169 16 55 123 195 30 180 160 19 32 31 182 186 106 64 61 107 46 102 54 191 88 129 104 62 176 78 105 58 179 75 1 53 92 41 190 36 99 89 14 96 84 51 95 126 103 76 50 65 97 18 27 174 42 132 134
169 56 114 123 35 200 16 79 195 180 160 19 187 49 6 117 67 197 135 73 189 182 106 64 151 102 170 168 191 88 129 104 91 62 158 101 176 122 105 75 173 8 184 17 1 92 41 171 53 83 137 98 175 85 190 99 118 130 198 162 39 14 80 95 25 178 51 172 155 103 143 93 34 50 59 15 27 18 97 174 167 132 140
56 35 55 123 60 30 32 117 197 45 73 182 153 186 185 63 54 191 104 91 62 158 176 58 179 75 173 23 148 188 171 11 85 130 125 119 162 39 77 7 25 95 126 108 172 76 34 93 124 27 18 147 42 144 127 116 132 140 157 200 79 169 195 180 160 19 49 135 9 31 109 61 107 102 128 159 88 38 131 192 78 105 133 24 184 8 37 1 137 83 17 47 175 166 89 14 198 80 178 96 51 33 155 181 113 15 65 174 97 165
